4 0.26015625 0.5546875 0.1015625 0.0828125
4 0.30703125 0.475 0.075 0.078125
4 0.4578125 0.48125 0.0921875 0.075
4 0.39375 0.41640625 0.09375 0.0828125
4 0.4265625 0.3609375 0.0734375 0.0625
2 0.62421875 0.44140625 0.1 0.0890625
2 0.44765625 0.57109375 0.1109375 0.084375
2 0.609375 0.52890625 0.1 0.078125
2 0.54609375 0.68828125 0.121875 0.0953125
2 0.746875 0.5515625 0.0953125 0.090625
0 0.55234375 0.59375 0.0765625 0.075
1 0.6640625 0.596875 0.059375 0.06875
2 0.49921875 0.33828125 0.10625 0.09375
0 0.51484375 0.278125 0.0890625 0.05
2 0.6375 0.3515625 0.125 0.0953125