2 0.834375 0.5578125 0.1234375 0.19375
2 0.30234375 0.32578125 0.115625 0.190625
2 0.0421875 0.27421875 0.084375 0.17578125
2 0.70390625 0.06328125 0.121875 0.121875
4 0.79453125 0.2875 0.09140625 0.15859375
4 0.403125 0.55546875 0.1140625 0.1640625
4 0.9453125 0.2953125 0.10703125 0.18359375
4 0.953125 0.59140625 0.0734375 0.16640625
4 0.046875 0.70546875 0.08203125 0.17578125
4 0.05 0.52734375 0.09140625 0.0765625
0 0.54765625 0.42421875 0.11796875 0.19375
0 0.67578125 0.44609375 0.08203125 0.12890625
0 0.91328125 0.06953125 0.134375 0.13359375
0 0.165625 0.76484375 0.1109375 0.18125
2 0.4609375 0.8171875 0.1140625 0.215625
0 0.71171875 0.67734375 0.0875 0.1984375
3 0.57421875 0.6140625 0.1265625 0.11640625
4 0.61328125 0.88671875 0.12109375 0.17578125