0 0.81171875 0.43125 0.10703125 0.0734375
0 0.6515625 0.5640625 0.10234375 0.075
0 0.73984375 0.50078125 0.09296875 0.05703125
0 0.60390625 0.6609375 0.0953125 0.0640625
0 0.275 0.54140625 0.084375 0.05390625
0 0.359375 0.6625 0.0765625 0.06953125
0 0.21015625 0.35 0.078125 0.05
2 0.26796875 0.43046875 0.0890625 0.05859375
2 0.1734375 0.5609375 0.08515625 0.053125
2 0.40390625 0.50078125 0.1 0.0859375
2 0.56015625 0.4125 0.1 0.06328125
2 0.53125 0.50078125 0.08671875 0.0609375
2 0.47890625 0.66875 0.10625 0.0765625
2 0.46875 0.590625 0.09296875 0.05234375
3 0.2390625 0.67890625 0.06328125 0.0515625
3 0.53359375 0.77265625 0.11328125 0.0765625
3 0.75078125 0.64921875 0.11328125 0.075