3 0.6375 0.52734375 0.1078125 0.084375
3 0.68828125 0.81640625 0.140625 0.1125
0 0.5375 0.2703125 0.134375 0.096875
0 0.309375 0.16484375 0.146875 0.0984375
0 0.5046875 0.4390625 0.11875 0.1015625
0 0.26015625 0.47734375 0.128125 0.1078125
0 0.46015625 0.578125 0.10625 0.10625
0 0.55 0.665625 0.1078125 0.084375
0 0.38125 0.80859375 0.14375 0.109375
0 0.32578125 0.5875 0.125 0.0953125
2 0.2203125 0.3109375 0.153125 0.13125
2 0.3765625 0.36953125 0.125 0.128125
2 0.68359375 0.3546875 0.1390625 0.1125
2 0.70703125 0.253125 0.1453125 0.109375
2 0.69375 0.64296875 0.1625 0.115625
2 0.40859375 0.696875 0.165625 0.115625