1 0.5015625 0.77578125 0.1375 0.10546875
1 0.71640625 0.75234375 0.15 0.1078125
1 0.3265625 0.6265625 0.13359375 0.0875
4 0.6609375 0.38125 0.10390625 0.059375
4 0.71015625 0.52890625 0.125 0.071875
4 0.559375 0.59765625 0.1265625 0.07578125
4 0.68203125 0.6359375 0.12109375 0.08828125
4 0.51015625 0.50078125 0.10703125 0.0734375
4 0.28828125 0.52421875 0.06484375 0.0703125
4 0.5390625 0.340625 0.10859375 0.0453125
2 0.27421875 0.43125 0.0734375 0.0671875
2 0.3765625 0.421875 0.08125 0.07578125
2 0.38515625 0.50703125 0.0953125 0.071875
2 0.4421875 0.590625 0.08828125 0.0671875
0 0.315625 0.34921875 0.08046875 0.0703125
0 0.4578125 0.3765625 0.07734375 0.04765625
3 0.58671875 0.43671875 0.07421875 0.04765625