2 0.41953125 0.17734375 0.1578125 0.1296875
2 0.30625 0.31171875 0.16875 0.109375
2 0.259375 0.5078125 0.146875 0.1171875
2 0.3140625 0.62734375 0.125 0.109375
2 0.46171875 0.53515625 0.1171875 0.1078125
2 0.6390625 0.675 0.1265625 0.1328125
0 0.16875 0.39296875 0.14375 0.125
0 0.47578125 0.31640625 0.128125 0.10625
0 0.60859375 0.30625 0.1171875 0.08125
0 0.7390625 0.3875 0.13125 0.0890625
0 0.40703125 0.42578125 0.1375 0.10625
0 0.56171875 0.415625 0.115625 0.10625
0 0.24609375 0.75703125 0.1625 0.13125
3 0.4671875 0.6875 0.13125 0.11875
3 0.72578125 0.50234375 0.1265625 0.1109375
3 0.596875 0.54921875 0.08125 0.0828125