3 0.63984375 0.4984375 0.09609375 0.06640625
3 0.75 0.7703125 0.12578125 0.0875
0 0.4890625 0.2671875 0.12109375 0.0734375
0 0.24375 0.21171875 0.13515625 0.07265625
0 0.4921875 0.4390625 0.10390625 0.08125
0 0.2609375 0.52734375 0.11328125 0.0859375
0 0.47734375 0.584375 0.08984375 0.0890625
0 0.58359375 0.6515625 0.096875 0.06640625
0 0.44765625 0.8265625 0.1296875 0.084375
0 0.34765625 0.621875 0.11171875 0.0734375
2 0.1875 0.3734375 0.134375 0.10625
2 0.35234375 0.39765625 0.10390625 0.109375
2 0.64921875 0.31953125 0.1234375 0.0890625
2 0.6515625 0.215625 0.13046875 0.084375
2 0.71953125 0.59921875 0.1484375 0.08671875
2 0.4515625 0.71171875 0.15078125 0.0859375