2 0.20703125 0.134375 0.134375 0.25390625
2 0.221875 0.7171875 0.11484375 0.2265625
2 0.5140625 0.31953125 0.09921875 0.15625
2 0.92109375 0.61796875 0.11796875 0.2640625
0 0.05234375 0.2265625 0.07890625 0.1859375
0 0.35546875 0.45 0.09921875 0.18125
0 0.640625 0.11171875 0.11953125 0.17890625
0 0.75625 0.64765625 0.11171875 0.18359375
3 0.640625 0.484375 0.11171875 0.20390625
4 0.909375 0.3890625 0.13046875 0.24375
0 0.0453125 0.56953125 0.08046875 0.29453125
3 0.48515625 0.7734375 0.12578125 0.23046875