2 0.83125 0.575 0.1328125 0.2
2 0.31171875 0.315625 0.125 0.196875
2 0.0546875 0.25078125 0.09375 0.1796875
2 0.7265625 0.07421875 0.128125 0.128125
4 0.80546875 0.303125 0.1 0.1625
4 0.4 0.55 0.121875 0.1703125
4 0.9484375 0.31796875 0.103125 0.1890625
4 0.94765625 0.61484375 0.0828125 0.1703125
4 0.040625 0.68046875 0.08125 0.1796875
4 0.04921875 0.50390625 0.0953125 0.08125
0 0.5515625 0.4265625 0.128125 0.2
0 0.678125 0.45546875 0.0890625 0.1328125
0 0.93203125 0.090625 0.1359375 0.140625
0 0.15234375 0.746875 0.1203125 0.1875
2 0.44453125 0.81484375 0.125 0.221875
0 0.70234375 0.68828125 0.0984375 0.203125
3 0.56796875 0.61796875 0.1328125 0.1234375
4 0.59296875 0.8921875 0.1296875 0.18125