2 0.66953125 0.4171875 0.1265625 0.06484375
2 0.3125 0.37421875 0.1515625 0.05546875
2 0.146875 0.48515625 0.16484375 0.07265625
2 0.46171875 0.46953125 0.13671875 0.0765625
2 0.4984375 0.6265625 0.1328125 0.0796875
3 0.78125 0.63203125 0.10390625 0.07109375
3 0.5390625 0.715625 0.10390625 0.0640625
3 0.20625 0.6078125 0.10625 0.0640625
0 0.27265625 0.2875 0.15546875 0.06328125
0 0.88046875 0.4609375 0.11015625 0.0640625
0 0.71875 0.5484375 0.1078125 0.06484375
0 0.64765625 0.62421875 0.10625 0.05234375
0 0.36953125 0.61328125 0.10234375 0.06640625
0 0.31171875 0.47734375 0.11953125 0.06328125
2 0.38984375 0.4015625 0.14765625 0.084375
2 0.32421875 0.5484375 0.17265625 0.0328125
2 0.51796875 0.55703125 0.14609375 0.06640625
2 0.61328125 0.484375 0.12890625 0.07578125