2 0.47109375 0.16875 0.14296875 0.10859375
2 0.33828125 0.28359375 0.15703125 0.08515625
2 0.2609375 0.4703125 0.1328125 0.096875
2 0.29609375 0.596875 0.11171875 0.09296875
2 0.45703125 0.52890625 0.10390625 0.09296875
2 0.61015625 0.69453125 0.109375 0.11640625
0 0.18984375 0.3421875 0.12890625 0.10625
0 0.5046875 0.31484375 0.11484375 0.0890625
0 0.6375 0.32578125 0.1078125 0.06484375
0 0.75390625 0.4265625 0.121875 0.0703125
0 0.41953125 0.4125 0.12578125 0.0875
0 0.57421875 0.4265625 0.10234375 0.09140625
0 0.209375 0.7140625 0.146875 0.11015625
3 0.43828125 0.6796875 0.11640625 0.10234375
3 0.72265625 0.5375 0.11328125 0.09375
3 0.58828125 0.5640625 0.07109375 0.07265625