1 0.44921875 0.77109375 0.1546875 0.1296875
1 0.6640625 0.7890625 0.1671875 0.134375
1 0.30546875 0.59140625 0.1484375 0.1109375
4 0.68046875 0.4140625 0.1140625 0.078125
4 0.70078125 0.56875 0.1359375 0.09375
4 0.53984375 0.60703125 0.1390625 0.0984375
4 0.653125 0.66796875 0.1359375 0.109375
4 0.51015625 0.50234375 0.11875 0.0921875
4 0.2875 0.48359375 0.0765625 0.08125
4 0.56875 0.35078125 0.115625 0.065625
2 0.29140625 0.3890625 0.084375 0.0796875
2 0.39375 0.4 0.09375 0.090625
2 0.3859375 0.48515625 0.1078125 0.0890625
2 0.42578125 0.578125 0.1 0.0828125
0 0.34765625 0.3171875 0.0921875 0.084375
0 0.48203125 0.37109375 0.084375 0.0609375
3 0.596875 0.4546875 0.08125 0.0609375