0 0.8046875 0.4046875 0.1125 0.0828125
0 0.65625 0.55078125 0.1078125 0.084375
0 0.7390625 0.4796875 0.096875 0.065625
0 0.6171875 0.6515625 0.1 0.071875
0 0.2796875 0.5609375 0.0890625 0.0609375
0 0.37421875 0.67421875 0.0828125 0.0765625
0 0.1984375 0.37578125 0.0828125 0.05625
2 0.2625 0.45078125 0.09375 0.065625
2 0.1796875 0.5890625 0.0890625 0.0609375
2 0.4046875 0.509375 0.1078125 0.09375
2 0.55234375 0.4078125 0.1046875 0.071875
2 0.53125 0.4984375 0.0921875 0.06875
2 0.49375 0.6703125 0.1125 0.0859375
2 0.4765625 0.59296875 0.096875 0.0609375
3 0.25546875 0.70078125 0.0671875 0.05625
3 0.55703125 0.76875 0.11875 0.0859375
3 0.7625 0.6265625 0.11875 0.084375