2 0.4864583333333333 0.6697916666666667 0.09270833333333334 0.065625
2 0.4739583333333333 0.5291666666666667 0.08333333333333333 0.06145833333333333
2 0.6229166666666667 0.4510416666666667 0.08645833333333333 0.04895833333333333
2 0.5885416666666666 0.3625 0.07604166666666666 0.041666666666666664
2 0.690625 0.396875 0.09791666666666667 0.03854166666666667
0 0.465625 0.3645833333333333 0.071875 0.040625
0 0.3645833333333333 0.415625 0.075 0.04375
0 0.24791666666666667 0.49166666666666664 0.08854166666666667 0.035416666666666666
0 0.2552083333333333 0.5427083333333333 0.08125 0.036458333333333336
0 0.3104166666666667 0.5958333333333333 0.08020833333333334 0.05
0 0.35520833333333335 0.525 0.07708333333333334 0.04583333333333333
0 0.43333333333333335 0.5864583333333333 0.07083333333333333 0.052083333333333336
0 0.5416666666666666 0.6125 0.09479166666666666 0.053125
0 0.7364583333333333 0.45625 0.078125 0.041666666666666664
3 0.628125 0.5604166666666667 0.10208333333333333 0.04895833333333333
4 0.4125 0.46979166666666666 0.08645833333333333 0.05
0 0.5229166666666667 0.47291666666666665 0.08645833333333333 0.041666666666666664