0 0.8114583333333333 0.43125 0.10729166666666666 0.07291666666666667
0 0.6520833333333333 0.5635416666666667 0.10208333333333333 0.075
0 0.7572916666666667 0.5010416666666667 0.12916666666666668 0.05625
0 0.6041666666666666 0.6604166666666667 0.09479166666666666 0.06458333333333334
0 0.275 0.5416666666666666 0.084375 0.05416666666666667
0 0.359375 0.6625 0.07708333333333334 0.06979166666666667
0 0.22395833333333334 0.35625 0.10729166666666666 0.06354166666666666
2 0.2604166666666667 0.4427083333333333 0.103125 0.08333333333333333
2 0.17291666666666666 0.5614583333333333 0.08541666666666667 0.053125
2 0.4041666666666667 0.5010416666666667 0.1 0.08645833333333333
2 0.5677083333333334 0.41354166666666664 0.14270833333333333 0.09583333333333334
2 0.5395833333333333 0.5083333333333333 0.103125 0.07604166666666666
2 0.4791666666666667 0.66875 0.10625 0.07708333333333334
2 0.46875 0.590625 0.09270833333333334 0.052083333333333336
3 0.23958333333333334 0.6791666666666667 0.06354166666666666 0.051041666666666666
3 0.534375 0.7729166666666667 0.11354166666666667 0.07708333333333334
3 0.7510416666666667 0.6489583333333333 0.11354166666666667 0.075