2 0.6697916666666667 0.41770833333333335 0.12708333333333333 0.06458333333333334
2 0.3125 0.37395833333333334 0.15104166666666666 0.05520833333333333
2 0.146875 0.48541666666666666 0.16458333333333333 0.07291666666666667
2 0.4625 0.46875 0.13645833333333332 0.07708333333333334
2 0.4979166666666667 0.6260416666666667 0.13229166666666667 0.08020833333333334
3 0.78125 0.6322916666666667 0.10416666666666667 0.071875
3 0.5385416666666667 0.715625 0.10416666666666667 0.06354166666666666
3 0.20625 0.6083333333333333 0.10625 0.06354166666666666
0 0.27291666666666664 0.2875 0.15520833333333334 0.0625
0 0.8802083333333334 0.46041666666666664 0.109375 0.06354166666666666
0 0.71875 0.5489583333333333 0.10833333333333334 0.06458333333333334
0 0.6479166666666667 0.6239583333333333 0.10625 0.052083333333333336
0 0.3697916666666667 0.6135416666666667 0.10208333333333333 0.065625
0 0.31145833333333334 0.47708333333333336 0.11979166666666667 0.0625
2 0.390625 0.4010416666666667 0.14791666666666667 0.084375
2 0.325 0.5489583333333333 0.17291666666666666 0.03333333333333333
2 0.5177083333333333 0.55625 0.14583333333333334 0.065625
2 0.6135416666666667 0.484375 0.12916666666666668 0.07604166666666666