2 0.4708333333333333 0.16875 0.14270833333333333 0.10833333333333334
2 0.3385416666666667 0.2833333333333333 0.15729166666666666 0.084375
2 0.2604166666666667 0.46979166666666666 0.13229166666666667 0.096875
2 0.29583333333333334 0.596875 0.11145833333333334 0.09270833333333334
2 0.45729166666666665 0.5291666666666667 0.10416666666666667 0.09270833333333334
2 0.609375 0.6947916666666667 0.109375 0.11666666666666667
0 0.18958333333333333 0.3416666666666667 0.12916666666666668 0.10625
0 0.5041666666666667 0.3145833333333333 0.11458333333333333 0.08854166666666667
0 0.6375 0.325 0.10833333333333334 0.06458333333333334
0 0.7541666666666667 0.42604166666666665 0.121875 0.06979166666666667
0 0.4197916666666667 0.4125 0.125 0.0875
0 0.575 0.42604166666666665 0.10208333333333333 0.09166666666666666
0 0.209375 0.7135416666666666 0.146875 0.11041666666666666
3 0.43854166666666666 0.6791666666666667 0.11666666666666667 0.10208333333333333
3 0.7229166666666667 0.5375 0.11354166666666667 0.09375
3 0.5885416666666666 0.5645833333333333 0.07083333333333333 0.07291666666666667