1 0.5020833333333333 0.7760416666666666 0.1375 0.10520833333333333
1 0.715625 0.753125 0.15 0.10729166666666666
1 0.32708333333333334 0.6270833333333333 0.13333333333333333 0.0875
4 0.6604166666666667 0.38125 0.10416666666666667 0.059375
4 0.7104166666666667 0.5291666666666667 0.125 0.071875
4 0.559375 0.5979166666666667 0.12604166666666666 0.07604166666666666
4 0.68125 0.6354166666666666 0.12083333333333333 0.08854166666666667
4 0.5104166666666666 0.5010416666666667 0.10729166666666666 0.07395833333333333
4 0.28854166666666664 0.5239583333333333 0.06458333333333334 0.07083333333333333
4 0.5385416666666667 0.340625 0.10833333333333334 0.04583333333333333
2 0.27395833333333336 0.43125 0.07291666666666667 0.06770833333333333
2 0.3770833333333333 0.421875 0.08125 0.07604166666666666
2 0.3854166666666667 0.5072916666666667 0.09583333333333334 0.071875
2 0.44166666666666665 0.590625 0.08854166666666667 0.06770833333333333
0 0.315625 0.3489583333333333 0.08020833333333334 0.07083333333333333
0 0.45729166666666665 0.3770833333333333 0.07708333333333334 0.04791666666666667
3 0.5864583333333333 0.43645833333333334 0.075 0.04791666666666667