1 0.16666666666666666 0.8770833333333333 0.16666666666666666 0.23541666666666666
1 0.15208333333333332 0.6239583333333333 0.14166666666666666 0.23125
1 0.09375 0.34479166666666666 0.15833333333333333 0.225
1 0.34479166666666666 0.6208333333333333 0.15416666666666667 0.2375
1 0.30104166666666665 0.3072916666666667 0.17708333333333334 0.2604166666666667
1 0.5229166666666667 0.34791666666666665 0.18645833333333334 0.23854166666666668
1 0.5427083333333333 0.7416666666666667 0.17291666666666666 0.26145833333333335
1 0.7385416666666667 0.6677083333333333 0.13645833333333332 0.253125
1 0.9270833333333334 0.37604166666666666 0.121875 0.23125
1 0.7291666666666666 0.378125 0.15 0.234375
1 0.8125 0.12916666666666668 0.17083333333333334 0.225
1 0.44583333333333336 0.10625 0.16458333333333333 0.19270833333333334
1 0.24479166666666666 0.07604166666666666 0.16875 0.15104166666666666
1 0.33125 0.9072916666666667 0.14583333333333334 0.18541666666666667
1 0.7604166666666666 0.88125 0.15625 0.19791666666666666
1 0.9114583333333334 0.9145833333333333 0.14583333333333334 0.17083333333333334
1 0.928125 0.6614583333333334 0.12395833333333334 0.28541666666666665
1 0.0625 0.10520833333333333 0.10729166666666666 0.18958333333333333
1 0.6322916666666667 0.10104166666666667 0.175 0.20208333333333334
1 0.04791666666666667 0.821875 0.0625 0.2552083333333333