2 0.834375 0.5583333333333333 0.12395833333333334 0.19375
2 0.30625 0.328125 0.12291666666666666 0.21770833333333334
2 0.042708333333333334 0.27395833333333336 0.084375 0.17604166666666668
2 0.7041666666666667 0.06354166666666666 0.121875 0.121875
4 0.7947916666666667 0.2875 0.09166666666666666 0.15833333333333333
4 0.403125 0.5552083333333333 0.11354166666666667 0.16354166666666667
4 0.9447916666666667 0.2947916666666667 0.10729166666666666 0.18333333333333332
4 0.953125 0.5916666666666667 0.07395833333333333 0.16666666666666666
4 0.046875 0.7052083333333333 0.08229166666666667 0.17604166666666668
0 0.5479166666666667 0.4239583333333333 0.11770833333333333 0.19375
0 0.6760416666666667 0.446875 0.08229166666666667 0.12916666666666668
0 0.9135416666666667 0.06979166666666667 0.134375 0.134375
0 0.165625 0.765625 0.11145833333333334 0.18125
2 0.46145833333333336 0.8177083333333334 0.11354166666666667 0.215625
0 0.7114583333333333 0.6770833333333334 0.0875 0.19791666666666666
3 0.5739583333333333 0.6135416666666667 0.12604166666666666 0.11666666666666667
4 0.6135416666666667 0.8864583333333333 0.12083333333333333 0.17604166666666668