1 0.631419 0.773536 0.160218 0.207796
1 0.636132 0.380651 0.155227 0.198907
1 0.818504 0.496929 0.161527 0.198158
1 0.221535 0.322735 0.153484 0.199261
1 0.307025 0.543416 0.151881 0.203238
1 0.435228 0.232267 0.147805 0.195219
1 0.459699 0.463349 0.14867 0.203209
1 0.590426 0.190423 0.149707 0.18664
1 0.6025 0.223238 0.147439 0.243188
1 0.569268 0.219698 0.185678 0.207147
1 0.865863 0.486901 0.244131 0.204436
1 0.777144 0.381692 0.273467 0.323236
0 0.632096 0.772157 0.159599 0.209297
1 0.588717 0.169423 0.152891 0.269816
1 0.808365 0.790955 0.323669 0.265878
3 0.461893 0.451214 0.150055 0.187581
0 0.307025 0.543416 0.151881 0.203238
1 0.379971 0.267693 0.212219 0.204637
