2 0.56759 0.470223 0.471374 0.830961
3 0.568703 0.465876 0.438557 0.821935
0 0.865312 0.0651291 0.260714 0.118926
2 0.364801 0.410759 0.0746363 0.45491
3 0.364801 0.410759 0.0746363 0.45491
0 0.364801 0.410759 0.0746363 0.45491
1 0.568101 0.472738 0.450451 0.827188
0 0.857123 0.0900129 0.27481 0.172398
4 0.568703 0.465876 0.438557 0.821935
2 0.577204 0.216398 0.312271 0.279059
0 0.364841 0.414429 0.0688131 0.342369
1 0.865388 0.0684742 0.256303 0.127272
2 0.364841 0.414429 0.0688131 0.342369
0 0.450531 0.525636 0.0750096 0.432494
0 0.56759 0.470223 0.471374 0.830961
4 0.152924 0.656747 0.257478 0.541065
4 0.919075 0.583242 0.142858 0.769662
3 0.364841 0.414429 0.0688131 0.342369
0 0.152924 0.656747 0.257478 0.541065
