2 0.567807 0.47001 0.471541 0.831424
3 0.568562 0.466067 0.441735 0.825004
0 0.864021 0.0640091 0.261857 0.118358
2 0.364962 0.414832 0.074915 0.478281
0 0.868936 0.0860087 0.249554 0.163384
0 0.364962 0.414832 0.074915 0.478281
3 0.364962 0.414832 0.074915 0.478281
1 0.568468 0.473238 0.452276 0.828074
4 0.568562 0.466067 0.441735 0.825004
2 0.579535 0.221871 0.309735 0.289799
0 0.567807 0.47001 0.471541 0.831424
0 0.151265 0.664968 0.255311 0.563894
4 0.151265 0.664968 0.255311 0.563894
1 0.864674 0.0674457 0.255856 0.127193
0 0.0932601 0.916796 0.179265 0.150219
0 0.451857 0.528373 0.0768024 0.420985
0 0.889117 0.523592 0.199605 0.750022
4 0.919107 0.578115 0.143078 0.781962
