1 0.438063 0.775916 0.289326 0.383362
1 0.778253 0.701874 0.290833 0.405723
1 0.673003 0.377886 0.264316 0.340516
1 0.346049 0.42906 0.266659 0.340487
1 0.493859 0.172157 0.258622 0.267241
3 0.495904 0.169596 0.262926 0.268673
2 0.495904 0.169596 0.262926 0.268673
1 0.494356 0.235379 0.260642 0.394678
4 0.778253 0.701874 0.290833 0.405723
0 0.780928 0.704619 0.284467 0.406596
2 0.339718 0.427616 0.26444 0.339768
0 0.339718 0.427616 0.26444 0.339768
3 0.345796 0.427864 0.262877 0.3308
4 0.495904 0.169596 0.262926 0.268673
4 0.438063 0.775916 0.289326 0.383362
2 0.778253 0.701874 0.290833 0.405723
4 0.339718 0.427616 0.26444 0.339768
1 0.442824 0.155617 0.358937 0.256772
1 0.493156 0.154632 0.248019 0.187569
0 0.438063 0.775916 0.289326 0.383362
2 0.438063 0.775916 0.289326 0.383362
2 0.672771 0.37062 0.271172 0.332476
