1 0.613803 0.582101 0.414667 0.569243
4 0.215368 0.669899 0.262051 0.276062
0 0.203086 0.265953 0.328179 0.429661
1 0.844453 0.0788865 0.293232 0.157773
1 0.20956 0.268544 0.332668 0.428428
2 0.202913 0.262978 0.321752 0.429107
4 0.203921 0.264276 0.321724 0.431441
0 0.0489197 0.857844 0.0853323 0.255686
0 0.22292 0.668341 0.251982 0.274016
2 0.22292 0.668341 0.251982 0.274016
1 0.877113 0.0693919 0.245774 0.138784
3 0.205761 0.265218 0.322376 0.425259
1 0.221746 0.667833 0.253824 0.276251
0 0.911174 0.877484 0.164181 0.220501
2 0.0465041 0.858985 0.0808633 0.26483
3 0.221746 0.667833 0.253824 0.276251
0 0.843281 0.0821219 0.299459 0.164244
4 0.911174 0.877484 0.164181 0.220501
1 0.0489197 0.857844 0.0853323 0.255686
4 0.61578 0.580968 0.401542 0.561151
1 0.768004 0.104322 0.459549 0.203724
2 0.842725 0.0791686 0.310006 0.158337
2 0.61578 0.580968 0.401542 0.561151
4 0.0494892 0.859963 0.0893987 0.261401
4 0.768004 0.104322 0.459549 0.203724
4 0.933127 0.846357 0.121955 0.277241
3 0.0489197 0.857844 0.0853323 0.255686
4 0.939202 0.754968 0.11729 0.236259
2 0.101385 0 0.202771 0
