2 0.598265 0.369503 0.232409 0.184375
2 0.516155 0.574567 0.241672 0.192703
2 0.237209 0.547414 0.261131 0.193476
0 0.237209 0.547414 0.261131 0.193476
0 0.514564 0.574352 0.246856 0.192471
0 0.60056 0.370131 0.235741 0.186114
3 0.517059 0.575392 0.246291 0.188035
3 0.600809 0.369369 0.234965 0.185781
3 0.240176 0.549727 0.262654 0.19461
4 0.516155 0.574567 0.241672 0.192703
4 0.60056 0.370131 0.235741 0.186114
2 0.643315 0.375257 0.324546 0.202906
4 0.239211 0.54852 0.258881 0.19121
0 0.747613 0.411637 0.487064 0.672973
1 0.516596 0.573004 0.241828 0.190311
2 0.453205 0.291014 0.590921 0.354554
0 0.453205 0.291014 0.590921 0.354554
