3 0.707208 0.569893 0.219564 0.166479
3 0.4839 0.697928 0.217147 0.166884
3 0.451459 0.47051 0.213808 0.15996
2 0.481101 0.697038 0.217734 0.168672
0 0.481101 0.697038 0.217734 0.168672
2 0.450819 0.468468 0.21536 0.15998
2 0.707888 0.571075 0.217528 0.167063
0 0.454614 0.465711 0.195773 0.127855
4 0.450812 0.469288 0.215588 0.160775
4 0.481101 0.697038 0.217734 0.168672
4 0.705442 0.570012 0.222695 0.165837
3 0.6387 0.415376 0.135947 0.230116
1 0.0353752 0.762417 0.0707504 0.447801
0 0.0353752 0.762417 0.0707504 0.447801
3 0.0353752 0.762417 0.0707504 0.447801
3 0.305866 0.734389 0.0425896 0.0999666
