2 0.35705 0.399185 0.168075 0.214041
2 0.680339 0.524543 0.161368 0.214796
2 0.752557 0.302324 0.177319 0.238679
2 0.322704 0.636968 0.182882 0.248606
2 0.599744 0.175527 0.15944 0.220621
2 0.520473 0.635705 0.165506 0.224886
0 0.536283 0.408838 0.143608 0.198486
0 0.432222 0.197309 0.150975 0.194328
0 0.18414 0.401398 0.150642 0.203901
0 0.668004 0.741489 0.149066 0.203106
2 0.261244 0.172996 0.166872 0.218761
2 0.668753 0.740774 0.147521 0.204836
2 0.535808 0.408379 0.147809 0.200455
0 0.262334 0.173405 0.166263 0.220477
2 0.433151 0.199764 0.151693 0.196912
2 0.6788 0.525742 0.132349 0.175703
0 0.521034 0.635557 0.164192 0.223136
0 0.6788 0.525742 0.132349 0.175703
0 0.356685 0.397926 0.141791 0.195451
2 0.186283 0.402279 0.145205 0.202021
0 0.322318 0.635622 0.183637 0.246451
1 0.0612191 0.0472676 0.121249 0.0941463
4 0.0303411 0.299597 0.0606822 0.165238
3 0.262334 0.173405 0.166263 0.220477
3 0.671526 0.739457 0.132942 0.185574
2 0.349843 0.396202 0.133577 0.182683
0 0.751272 0.302544 0.174089 0.227884
3 0.535808 0.408379 0.147809 0.200455
3 0.323636 0.636951 0.182418 0.246186
2 0.0611545 0.0451888 0.121851 0.0894047
2 0.520669 0.632 0.137338 0.185513
3 0.6788 0.525742 0.132349 0.175703
3 0.75265 0.304839 0.174309 0.237903
3 0.598977 0.175069 0.161949 0.221023
0 0.598977 0.175069 0.161949 0.221023
4 0.751272 0.302544 0.174089 0.227884
0 0.53575 0.412158 0.125038 0.149805
3 0.523979 0.627535 0.146247 0.189295
3 0.357994 0.39969 0.171358 0.216889
0 0.680677 0.523648 0.16325 0.220845
3 0.680841 0.523921 0.163033 0.22054
3 0.186283 0.402279 0.145205 0.202021
0 0.0640373 0.04861 0.127551 0.09179
4 0.669194 0.743479 0.148381 0.208195
2 0.596958 0.210583 0.163137 0.169637
4 0.535808 0.408379 0.147809 0.200455
4 0.521034 0.635557 0.164192 0.223136
2 0.697452 0.166655 0.27149 0.293051
4 0.18414 0.401398 0.150642 0.203901
0 0.265101 0.17336 0.133474 0.184316
1 0.523979 0.627535 0.146247 0.189295
0 0.520669 0.632 0.137338 0.185513
1 0.356685 0.397926 0.141791 0.195451
2 0.265101 0.17336 0.133474 0.184316
3 0.0611545 0.0451888 0.121851 0.0894047
4 0.358728 0.398473 0.168476 0.218241
4 0.264154 0.171973 0.164515 0.215221
4 0.324888 0.636927 0.181174 0.245623
1 0.671526 0.739457 0.132942 0.185574
4 0.681147 0.523496 0.158654 0.218417
2 0.32854 0.603288 0.165358 0.187441
3 0.433151 0.199764 0.151693 0.196912
1 0.261379 0.174039 0.167559 0.22164
1 0.323636 0.636951 0.182418 0.246186
4 0.43192 0.196008 0.154399 0.197259
1 0.184972 0.402585 0.148521 0.198819
4 0.601357 0.177511 0.163331 0.220145
