1 0.506235 0.49698 0.246022 0.133535
1 0.399992 0.350492 0.253138 0.10524
1 0.244297 0.415428 0.219536 0.0947009
1 0.307274 0.504007 0.120146 0.0781658
1 0.218853 0.4098 0.168288 0.102475
1 0.316907 0.535695 0.122607 0.0354679
1 0.312768 0.520221 0.130536 0.0623721
1 0.312805 0.497826 0.104507 0.0618394
0 0.245685 0.415315 0.229093 0.10277
0 0.406741 0.344963 0.237264 0.103395
1 0.205913 0.402954 0.121537 0.108548
2 0.247575 0.422355 0.230977 0.0892852
2 0.406741 0.344963 0.237264 0.103395
4 0.309245 0.501061 0.113023 0.0666794
2 0.307274 0.504007 0.120146 0.0781658
1 0.326877 0.544646 0.139287 0.0326922
1 0.310159 0.535529 0.140626 0.0644686
2 0.316907 0.535695 0.122607 0.0354679
4 0.245685 0.415315 0.229093 0.10277
2 0.218853 0.4098 0.168288 0.102475
1 0.239384 0.432292 0.253576 0.0805914
