0 0.660245 0.589363 0.215052 0.389359
0 0.348744 0.586391 0.219814 0.38289
2 0.196946 0.260818 0.33971 0.2942
2 0.351043 0.58398 0.205622 0.382122
2 0.190742 0.329107 0.32708 0.426405
2 0.806617 0.458598 0.31514 0.672187
2 0.662904 0.59257 0.222667 0.393244
0 0.668538 0.53325 0.178714 0.268682
4 0.351043 0.58398 0.205622 0.382122
1 0.351043 0.58398 0.205622 0.382122
2 0.193466 0.416272 0.342399 0.605116
1 0.196946 0.260818 0.33971 0.2942
3 0.192121 0.301339 0.327011 0.372576
1 0.662904 0.59257 0.222667 0.393244
4 0.662904 0.59257 0.222667 0.393244
0 0.196946 0.260818 0.33971 0.2942
2 0.807144 0.325383 0.299324 0.412119
3 0.351043 0.58398 0.205622 0.382122
2 0.258122 0.285412 0.474809 0.350397
0 0.213368 0.438792 0.396606 0.653678
4 0.196946 0.260818 0.33971 0.2942
2 0.195668 0.273348 0.251578 0.309384
2 0.814991 0.28644 0.25415 0.323929
3 0.662904 0.59257 0.222667 0.393244
2 0.061647 0.286373 0.0895859 0.288511
0 0.332587 0.589287 0.171254 0.332364
0 0.190742 0.329107 0.32708 0.426405
