0 0.485717 0.5055 0.145405 0.323621
2 0.979504 0.705771 0.0402657 0.291766
2 0.982534 0.697419 0.0349327 0.345291
3 0.980117 0.709951 0.0397669 0.313961
0 0.982563 0.698348 0.0348735 0.330472
2 0.973056 0.705053 0.0538873 0.30916
0 0.973056 0.705053 0.0538873 0.30916
3 0.973056 0.705053 0.0538873 0.30916
2 0.485717 0.5055 0.145405 0.323621
1 0.973056 0.705053 0.0538873 0.30916
1 0.979504 0.705771 0.0402657 0.291766
4 0.983719 0.709737 0.0325625 0.329097
4 0.970009 0.70619 0.0599819 0.318436
4 0.979504 0.705771 0.0402657 0.291766
0 0.978142 0.712557 0.0416879 0.285018
1 0.982534 0.697419 0.0349327 0.345291
3 0.983719 0.709737 0.0325625 0.329097
3 0.984323 0.690566 0.0313547 0.335864
2 0.911582 0 0.176836 0
2 0.983719 0.709737 0.0325625 0.329097
0 0.984426 0.703207 0.0311485 0.337275
0 0.496898 0.513018 0.0972322 0.322341
4 0.982534 0.697419 0.0349327 0.345291
