3 0.436186 0.547954 0.26516 0.198154
2 0.436936 0.548345 0.262415 0.198739
2 0.921617 0.0244373 0.155814 0.0488747
0 0.922411 0.0247552 0.155178 0.0495105
3 0.922709 0.0267925 0.154582 0.0535851
2 0.908865 0.0282234 0.182269 0.0564469
0 0.436726 0.548114 0.262778 0.197718
1 0.922411 0.0247552 0.155178 0.0495105
3 0.908865 0.0282234 0.182269 0.0564469
0 0.908865 0.0282234 0.182269 0.0564469
2 0.921591 0.0116692 0.156819 0.0233384
4 0.908865 0.0282234 0.182269 0.0564469
2 0.710755 0.00545169 0.298318 0.0109034
1 0.437315 0.548186 0.265496 0.199936
1 0.908865 0.0282234 0.182269 0.0564469
4 0.921617 0.0244373 0.155814 0.0488747
3 0.921591 0.0116692 0.156819 0.0233384
4 0.436936 0.548345 0.262415 0.198739
2 0.721624 0 0.227591 0
