3 0.50061 0.530808 0.286155 0.196954
2 0.507291 0.533213 0.284872 0.190942
2 0.921363 0 0.157275 0
0 0.921363 0 0.157275 0
0 0.762094 0.494967 0.157574 0.281794
0 0.50233 0.535093 0.276092 0.172396
3 0.921363 0 0.157275 0
2 0.120159 0 0.240319 0
4 0.507291 0.533213 0.284872 0.190942
1 0.921363 0 0.157275 0
2 0.564981 0 0.264858 0
2 0.907156 0 0.180262 0
1 0.505614 0.531912 0.283594 0.197443
2 0.509241 0 0.299879 0
2 0.911971 0 0.176057 0
2 0.620154 0 0.285434 0
2 0.268072 0 0.244691 0
2 0.951282 0 0.097437 0
2 0.872729 0 0.192181 0
0 0.495554 0.730996 0.267967 0.126305
