2 0.491658 0.501464 0.313465 0.244739
3 0.744314 0.127907 0.0492825 0.175042
0 0.491125 0.498853 0.314252 0.244596
0 0.946256 0.135321 0.10476 0.168132
3 0.48991 0.50235 0.314799 0.244353
4 0.491125 0.498853 0.314252 0.244596
0 0.946115 0.10857 0.104786 0.106193
2 0.946256 0.135321 0.10476 0.168132
3 0.749242 0.110761 0.0538703 0.129347
2 0.490873 0.550974 0.294777 0.147783
2 0.936713 0.1174 0.120568 0.141113
2 0.744314 0.127907 0.0492825 0.175042
4 0.936713 0.1174 0.120568 0.141113
0 0.470205 0.152026 0.0485984 0.0362312
0 0.936713 0.1174 0.120568 0.141113
1 0.488141 0.501496 0.324799 0.24898
