2 0.307658 0.704241 0.221095 0.173082
2 0.643263 0.416255 0.20917 0.159127
0 0.642032 0.417228 0.211358 0.16175
2 0.645802 0.412515 0.176197 0.131235
0 0.307925 0.704469 0.220281 0.172525
3 0.643266 0.416063 0.208363 0.159147
0 0.645802 0.412515 0.176197 0.131235
2 0.310628 0.69673 0.174807 0.143021
3 0.307925 0.704469 0.220281 0.172525
4 0.643324 0.416809 0.204973 0.159673
0 0.310628 0.69673 0.174807 0.143021
2 0.399893 0.712676 0.404858 0.280081
4 0.308427 0.703355 0.223902 0.176147
3 0.645802 0.412515 0.176197 0.131235
