1 0.307549 0.866056 0.385441 0.267888
0 0.789548 0.0625855 0.201997 0.107999
2 0.925198 0.72506 0.137575 0.297893
3 0.569194 0.523623 0.338714 0.34902
3 0.84766 0.315818 0.224131 0.231709
0 0.483952 0.0613865 0.36401 0.122773
2 0.567301 0.524092 0.334543 0.343108
2 0.167952 0.595768 0.29827 0.169429
3 0.924188 0.71974 0.145027 0.306166
4 0.955417 0.140056 0.0891672 0.208522
0 0.717589 0.976745 0.331484 0.0465096
4 0.0641339 0.346747 0.122984 0.341136
2 0.846114 0.314275 0.221955 0.231334
2 0.483952 0.0613865 0.36401 0.122773
0 0.953997 0.140606 0.090145 0.194435
3 0.167952 0.595768 0.29827 0.169429
0 0.296383 0.192313 0.257427 0.175632
4 0.717589 0.976745 0.331484 0.0465096
0 0.925198 0.72506 0.137575 0.297893
0 0.287005 0.14402 0.265708 0.248525
3 0.303594 0.866891 0.380693 0.266217
3 0.483952 0.0613865 0.36401 0.122773
2 0.643834 0.82268 0.219535 0.167166
4 0.0470862 0.303122 0.0881668 0.208928
4 0.169559 0.609874 0.301268 0.203417
1 0.724923 0.9751 0.314611 0.0497997
0 0.1692 0.600429 0.303331 0.182005
2 0.790719 0.0611973 0.202174 0.106332
2 0.303594 0.866891 0.380693 0.266217
0 0.837617 0.316618 0.203269 0.221745
3 0.8297 0.316828 0.190926 0.181624
4 0.78899 0.0638153 0.206398 0.111357
1 0.568049 0.52298 0.334231 0.348313
2 0.955529 0.143495 0.0868296 0.156813
1 0.483952 0.0613865 0.36401 0.122773
1 0.846114 0.314275 0.221955 0.231334
2 0.0691185 0.73473 0.12573 0.161147
3 0.643834 0.82268 0.219535 0.167166
1 0.16751 0.604121 0.299029 0.187837
1 0.927037 0.727289 0.133863 0.30098
3 0.955529 0.143495 0.0868296 0.156813
0 0.643834 0.82268 0.219535 0.167166
4 0.0836634 0.319939 0.147 0.35565
2 0.296383 0.192313 0.257427 0.175632
4 0.930548 0.722134 0.126049 0.294246
3 0.789388 0.0606745 0.194479 0.101057
4 0.483952 0.0613865 0.36401 0.122773
0 0.95352 0.138668 0.0806908 0.147158
4 0.837617 0.316618 0.203269 0.221745
4 0.567039 0.52207 0.330837 0.345389
2 0.717589 0.976745 0.331484 0.0465096
0 0.57005 0.522317 0.336027 0.348502
0 0.32704 0.162848 0.323088 0.240687
3 0.899248 0.724898 0.136613 0.193954
4 0.303594 0.866891 0.380693 0.266217
2 0.8297 0.316828 0.190926 0.181624
0 0.0470862 0.303122 0.0881668 0.208928
1 0.789548 0.0625855 0.201997 0.107999
2 0.287005 0.14402 0.265708 0.248525
4 0.0982691 0.356085 0.196538 0.450557
2 0.899248 0.724898 0.136613 0.193954
1 0.953997 0.140606 0.090145 0.194435
1 0.29391 0.170385 0.262089 0.216367
1 0.645298 0.819453 0.213076 0.16215
4 0.643834 0.82268 0.219535 0.167166
2 0.0751196 0.768027 0.148285 0.227949
4 0.0688421 0.329109 0.137684 0.360462
4 0.0503646 0.323805 0.0981672 0.295912
1 0.594194 0.840887 0.299449 0.219204
2 0.172346 0.579628 0.282809 0.119743
0 0.303594 0.866891 0.380693 0.266217
2 0.32704 0.162848 0.323088 0.240687
