2 0.467541 0.580253 0.0950643 0.069101
0 0.467685 0.580649 0.0935419 0.0679209
3 0.467382 0.580615 0.098114 0.0771979
4 0.0940236 0.076256 0.186644 0.135183
3 0.303378 0.473408 0.0635057 0.0293652
1 0.467129 0.580997 0.0919108 0.069342
3 0.467543 0.581251 0.0857815 0.057959
0 0.0901555 0.0739191 0.171915 0.133406
2 0.533989 0.046191 0.121302 0.0918538
0 0.536222 0.0424968 0.110316 0.0779424
2 0.30386 0.472626 0.0652271 0.0289389
1 0.107181 0.0748668 0.214362 0.135944
0 0.30386 0.472626 0.0652271 0.0289389
3 0.533989 0.046191 0.121302 0.0918538
3 0.301363 0.480666 0.0658071 0.0262694
2 0.570924 0 0.294257 0
1 0.801221 0.301806 0.395291 0.603613
1 0.718665 0.0641645 0.220613 0.128329
4 0.467129 0.580997 0.0919108 0.069342
0 0.467181 0.5772 0.0822278 0.0535563
