2 0.485582 0.423876 0.152355 0.111865
0 0.588808 0.336362 0.151688 0.0678436
0 0.48576 0.424369 0.15229 0.113361
3 0.485829 0.42435 0.152101 0.114903
2 0.486243 0.42317 0.133233 0.0871285
0 0.610532 0.332688 0.108021 0.0575131
0 0.486243 0.42317 0.133233 0.0871285
0 0.620421 0.327699 0.0879697 0.04751
1 0.486624 0.424036 0.14387 0.100211
3 0.486243 0.42317 0.133233 0.0871285
0 0.714307 0.382523 0.0953501 0.0453823
2 0.683902 0.391468 0.154828 0.0627094
0 0.683902 0.391468 0.154828 0.0627094
2 0.9455 0 0.109 0
2 0.920507 0 0.158986 0
2 0.671523 0.39507 0.182797 0.0812888
2 0.585535 0.339078 0.165312 0.0749171
0 0.572565 0.338139 0.195814 0.0796313
3 0.587019 0.795076 0.825962 0.409848
0 0.702522 0.386538 0.117234 0.0554315
2 0.608273 0.332666 0.104681 0.0578461
0 0.954015 0 0.091971 0
2 0.880645 0 0.23871 0
0 0.598471 0.417332 0.0461414 0.0558549
