3 0.20535 0.574872 0.157466 0.0874908
3 0.346042 0.357679 0.165621 0.10727
3 0.554898 0.474991 0.154007 0.0817406
3 0.512174 0.594009 0.158085 0.0850263
3 0.598981 0.351848 0.154168 0.0872332
3 0.366974 0.543263 0.148237 0.0813001
3 0.327172 0.673431 0.135021 0.0690328
3 0.332382 0.684855 0.119876 0.0495637
3 0.356565 0.414212 0.155238 0.0460315
3 0.48272 0.743489 0.217604 0.114731
2 0.369518 0.542195 0.139907 0.0819064
3 0.441958 0.744856 0.316772 0.116207
2 0.32844 0.677104 0.130956 0.0621031
1 0.370574 0.542466 0.134892 0.0768181
2 0.598076 0.353401 0.161371 0.0941906
2 0.206575 0.575128 0.160984 0.0859802
0 0.369518 0.542195 0.139907 0.0819064
2 0.557441 0.477555 0.147529 0.08116
3 0.325598 0.659386 0.144933 0.0983055
1 0.557441 0.477555 0.147529 0.08116
2 0.332382 0.684855 0.119876 0.0495637
3 0.344038 0.349176 0.152171 0.0796104
0 0.557441 0.477555 0.147529 0.08116
0 0.597585 0.353573 0.158557 0.0904224
0 0.206575 0.575128 0.160984 0.0859802
2 0.347817 0.369502 0.171405 0.1359
0 0.32844 0.677104 0.130956 0.0621031
3 0.3437 0.391774 0.174084 0.17383
1 0.32844 0.677104 0.130956 0.0621031
0 0.348469 0.371567 0.174777 0.134946
