3 0.544028 0.603543 0.193661 0.111836
3 0.603158 0.223057 0.195051 0.0974929
3 0.405819 0.441989 0.222914 0.101998
3 0.492539 0.803818 0.203061 0.0896961
3 0.534105 0.316259 0.174022 0.0707472
2 0.492539 0.803818 0.203061 0.0896961
3 0.535175 0.303956 0.186819 0.0882107
0 0.492539 0.803818 0.203061 0.0896961
3 0.331977 0.609503 0.222764 0.147851
2 0.533388 0.318633 0.170463 0.0658009
0 0.331977 0.609503 0.222764 0.147851
4 0.621356 0.461031 0.0781291 0.049888
3 0.622292 0.459086 0.0782626 0.0459944
2 0.544153 0.603107 0.209369 0.109922
2 0.400783 0.440064 0.211468 0.0919423
2 0.331977 0.609503 0.222764 0.147851
1 0.492539 0.803818 0.203061 0.0896961
1 0.622292 0.459086 0.0782626 0.0459944
1 0.534105 0.316259 0.174022 0.0707472
3 0.547272 0.286506 0.203247 0.123153
