4 0.447174 0.397568 0.272613 0.139376
4 0.745078 0.47031 0.257607 0.13536
4 0.249311 0.53314 0.282273 0.142484
4 0.544663 0.596936 0.267881 0.147932
4 0.259289 0.533124 0.229926 0.115388
4 0.745064 0.468551 0.218876 0.110079
4 0.548212 0.597542 0.234959 0.111768
0 0.444163 0.397678 0.272449 0.135196
0 0.74384 0.468915 0.220527 0.117404
4 0.251271 0.704044 0.382193 0.409054
4 0.24778 0.2861 0.454106 0.464153
2 0.892839 0 0.214323 0
4 0.453438 0.399713 0.238566 0.103611
4 0.655797 0.763708 0.563762 0.423282
