3 0.346147 0.359609 0.165824 0.110302
3 0.205568 0.574876 0.157328 0.0871615
3 0.554774 0.475052 0.15334 0.08143
3 0.51225 0.594141 0.157806 0.0845942
3 0.598952 0.351811 0.154829 0.0871193
3 0.367046 0.543442 0.148508 0.0813886
3 0.327037 0.67349 0.134837 0.0685226
3 0.332214 0.684719 0.120051 0.049706
3 0.356459 0.414219 0.155518 0.0460153
3 0.480353 0.743968 0.216669 0.115167
2 0.36962 0.54232 0.140042 0.0819008
3 0.347447 0.348087 0.155078 0.0823981
3 0.440328 0.745238 0.314559 0.115897
1 0.370566 0.542853 0.134833 0.0773056
2 0.598143 0.353409 0.162127 0.0940759
2 0.328258 0.676672 0.131089 0.0629135
2 0.206747 0.575196 0.16105 0.0855741
0 0.36962 0.54232 0.140042 0.0819008
2 0.556564 0.475468 0.145132 0.0796632
3 0.325415 0.659537 0.145055 0.0979014
1 0.557447 0.477705 0.14685 0.0805987
2 0.332214 0.684719 0.120051 0.049706
0 0.557447 0.477705 0.14685 0.0805987
0 0.597614 0.35354 0.159319 0.0903622
2 0.347847 0.369785 0.171338 0.135333
0 0.206747 0.575196 0.16105 0.0855741
3 0.343907 0.391254 0.173504 0.171853
0 0.328258 0.676672 0.131089 0.0629135
0 0.348519 0.371498 0.174457 0.13527
