3 0.315318 0.311876 0.244549 0.138479
3 0.685049 0.371648 0.242864 0.143066
3 0.268227 0.505524 0.251239 0.136841
3 0.539029 0.549503 0.248466 0.13718
2 0.542589 0.551835 0.241379 0.133913
0 0.541603 0.550521 0.245412 0.134986
2 0.686267 0.371572 0.244189 0.14239
0 0.269138 0.50431 0.246604 0.139331
0 0.684523 0.37106 0.251737 0.14399
2 0.26885 0.509264 0.24798 0.13152
2 0.317273 0.310819 0.241364 0.138944
0 0.31539 0.311268 0.248926 0.142132
2 0.879331 0 0.241338 0
1 0.541572 0.550891 0.239651 0.132041
3 0.270849 0.509612 0.222476 0.108125
1 0.683011 0.370952 0.233138 0.137988
3 0.537116 0.54718 0.210644 0.11255
3 0.354456 0.313576 0.335937 0.179523
4 0.541603 0.550521 0.245412 0.134986
