4 0.73471 0.319013 0.128508 0.0712786
3 0.433986 0.610995 0.122461 0.067467
3 0.137423 0.353249 0.123382 0.0637018
2 0.296865 0.352702 0.119725 0.0636672
3 0.181772 0.564367 0.131809 0.0668146
3 0.539503 0.508915 0.116994 0.0639056
2 0.446043 0.376536 0.119448 0.063947
3 0.605986 0.596735 0.132284 0.0725711
3 0.409698 0.462726 0.116794 0.0640882
3 0.238107 0.434952 0.123336 0.0622338
3 0.7676 0.511687 0.127337 0.0667717
2 0.572216 0.246659 0.123793 0.0660309
3 0.087596 0.465355 0.120428 0.0655898
2 0.431769 0.290305 0.122528 0.0647705
0 0.21361 0.273704 0.126079 0.0643732
2 0.817453 0.424286 0.124275 0.0649644
2 0.0868933 0.465757 0.122225 0.0669914
3 0.334085 0.541685 0.119557 0.0622582
2 0.582639 0.332535 0.117713 0.0684433
2 0.663035 0.411833 0.111812 0.0636087
0 0.816903 0.423537 0.116847 0.0610577
2 0.236833 0.434377 0.120955 0.0622453
2 0.41031 0.462369 0.11475 0.0613194
0 0.736071 0.319527 0.133316 0.0724856
0 0.582224 0.334003 0.117942 0.0696393
0 0.571842 0.245109 0.120137 0.0665599
3 0.664828 0.411703 0.111014 0.0602525
1 0.332321 0.541612 0.117621 0.065287
3 0.582436 0.332156 0.112421 0.0646848
2 0.214279 0.273066 0.129929 0.0654465
0 0.429318 0.289372 0.116638 0.0623201
0 0.731613 0.319806 0.110234 0.0603667
0 0.663301 0.412301 0.112096 0.0624124
2 0.183218 0.564498 0.122674 0.061701
3 0.446043 0.376536 0.119448 0.063947
2 0.137945 0.353252 0.119414 0.0609675
0 0.29646 0.353002 0.115252 0.0607642
3 0.296246 0.352412 0.110093 0.0590556
3 0.432629 0.290417 0.127726 0.0686947
2 0.534231 0.509974 0.0981068 0.0543058
3 0.533629 0.510825 0.0984862 0.0502169
2 0.32835 0.540754 0.104907 0.060849
0 0.534231 0.509974 0.0981068 0.0543058
2 0.605763 0.596372 0.126527 0.0701552
2 0.766511 0.512025 0.118256 0.0620005
1 0.432237 0.611074 0.118482 0.0635044
3 0.572055 0.245749 0.121538 0.0670809
1 0.431284 0.290935 0.119599 0.0652817
3 0.213888 0.272788 0.126328 0.0621431
0 0.447264 0.377148 0.119518 0.0647582
1 0.734404 0.318549 0.127922 0.070866
3 0.81611 0.423628 0.138159 0.0709951
4 0.214442 0.271942 0.123661 0.0603731
0 0.0862563 0.465936 0.115225 0.0627101
1 0.539818 0.509506 0.115295 0.0641215
1 0.137476 0.353212 0.11947 0.0605571
0 0.235906 0.434192 0.116104 0.0572694
2 0.432237 0.611074 0.118482 0.0635044
2 0.733137 0.319093 0.119334 0.0641511
2 0.440158 0.378649 0.100369 0.0530654
1 0.817041 0.423025 0.119666 0.0611727
0 0.408637 0.462215 0.107804 0.0568295
1 0.605628 0.595393 0.129528 0.0703423
1 0.570336 0.243595 0.117181 0.0618649
0 0.138058 0.352744 0.1174 0.0594424
0 0.18217 0.56328 0.120845 0.0629397
3 0.322535 0.542681 0.0948582 0.0539811
1 0.237356 0.434513 0.120044 0.0605752
0 0.605763 0.596372 0.126527 0.0701552
3 0.76295 0.504544 0.107652 0.0540454
4 0.237356 0.434513 0.120044 0.0605752
1 0.181944 0.565639 0.132598 0.0706678
2 0.540679 0.509039 0.118757 0.0651938
3 0.43277 0.28697 0.110426 0.0553146
4 0.32835 0.540754 0.104907 0.060849
1 0.768362 0.510183 0.116467 0.0620874
1 0.533629 0.510825 0.0984862 0.0502169
1 0.29646 0.353002 0.115252 0.0607642
2 0.0754104 0.469624 0.100418 0.051346
3 0.607352 0.593485 0.115668 0.0571187
4 0.340665 0.538765 0.108271 0.0505745
1 0.214442 0.271942 0.123661 0.0603731
4 0.663301 0.412301 0.112096 0.0624124
4 0.431173 0.289421 0.119575 0.0631458
4 0.582436 0.332156 0.112421 0.0646848
0 0.32835 0.540754 0.104907 0.060849
4 0.432744 0.610876 0.119358 0.0645151
4 0.137945 0.353252 0.119414 0.0609675
0 0.815346 0.426366 0.13826 0.0741149
4 0.539188 0.507254 0.112404 0.059926
2 0.289562 0.353698 0.0973808 0.0504218
0 0.768362 0.510183 0.116467 0.0620874
2 0.460213 0.37422 0.0866613 0.0527348
3 0.983434 0.527832 0.0331313 0.0403202
1 0.664243 0.411742 0.107063 0.0624228
1 0.582436 0.332156 0.112421 0.0646848
1 0.409548 0.461839 0.110191 0.0623931
2 0.593036 0.32769 0.092712 0.0575685
4 0.816903 0.423537 0.116847 0.0610577
3 0.813817 0.424307 0.113969 0.0594852
3 0.460213 0.37422 0.0866613 0.0527348
3 0.735836 0.318749 0.132003 0.0729644
0 0.432755 0.610866 0.115344 0.0608401
3 0.440158 0.378649 0.100369 0.0530654
1 0.340665 0.538765 0.108271 0.0505745
4 0.0867595 0.46448 0.117655 0.0652655
4 0.768362 0.510183 0.116467 0.0620874
0 0.593036 0.32769 0.092712 0.0575685
1 0.0867595 0.46448 0.117655 0.0652655
4 0.18217 0.56328 0.120845 0.0629397
1 0.44443 0.377742 0.105485 0.0563497
3 0.429381 0.606894 0.106902 0.0520908
2 0.575222 0.33308 0.103273 0.0547347
1 0.181266 0.565809 0.116996 0.0557234
4 0.296246 0.352412 0.110093 0.0590556
3 0.0754104 0.469624 0.100418 0.051346
3 0.422308 0.614177 0.104554 0.0568398
0 0.233438 0.440709 0.140099 0.0634988
2 0.224479 0.437079 0.0973855 0.048768
1 0.322535 0.542681 0.0948582 0.0539811
2 0.96669 0.0210377 0.0609786 0.0376565
4 0.605763 0.596372 0.126527 0.0701552
3 0.298176 0.354072 0.13396 0.0711932
3 0.377673 0.5381 0.0458715 0.0455391
2 0.171999 0.568003 0.102871 0.0522265
1 0.447568 0.379152 0.124532 0.0720931
3 0.731613 0.319806 0.110234 0.0603667
3 0.224479 0.437079 0.0973855 0.048768
0 0.983434 0.527832 0.0331313 0.0403202
2 0.919994 0 0.160011 0
3 0.540387 0.49752 0.106547 0.0523649
0 0.575222 0.33308 0.103273 0.0547347
3 0.171999 0.568003 0.102871 0.0522265
0 0.440158 0.378649 0.100369 0.0530654
2 0.200697 0.274873 0.106638 0.0537926
3 0.754477 0.514945 0.101748 0.0502619
0 0.537659 0.50928 0.118432 0.0656965
3 0.769973 0.506814 0.138585 0.0885737
0 0.200697 0.274873 0.106638 0.0537926
4 0.41031 0.462369 0.11475 0.0613194
1 0.983434 0.527832 0.0331313 0.0403202
2 0.560138 0.247415 0.105046 0.0520982
0 0.410299 0.461626 0.125748 0.0702098
2 0.0487141 0.666644 0.0882104 0.077306
0 0.224479 0.437079 0.0973855 0.048768
2 0.540387 0.49752 0.106547 0.0523649
2 0.807124 0.426483 0.105517 0.0512291
0 0.431136 0.291712 0.144084 0.0775645
