3 0.655293 0.704395 0.0812327 0.124154
3 0.537946 0.815679 0.0855095 0.120758
3 0.609994 0.40105 0.0659444 0.0909975
3 0.64052 0.878176 0.082636 0.115888
3 0.597882 0.523878 0.0803307 0.110291
3 0.707785 0.483332 0.0821863 0.132916
3 0.408831 0.626194 0.0833513 0.155677
3 0.462355 0.228299 0.0817244 0.129811
3 0.611372 0.258344 0.0730517 0.129186
3 0.721302 0.294509 0.0819756 0.129117
3 0.533547 0.667694 0.0771787 0.117657
3 0.518328 0.364538 0.0693891 0.117348
3 0.486125 0.45298 0.0636494 0.0859952
3 0.407184 0.638086 0.0786803 0.11312
3 0.409279 0.81295 0.0946794 0.153345
2 0.519492 0.363903 0.067919 0.119865
3 0.484495 0.438321 0.0663149 0.126487
2 0.722855 0.290643 0.0767347 0.131275
0 0.721967 0.292449 0.0818288 0.134069
2 0.597882 0.523878 0.0803307 0.110291
2 0.409279 0.81295 0.0946794 0.153345
3 0.495672 0.402704 0.0741296 0.180045
2 0.482194 0.454309 0.0552169 0.0952915
0 0.463295 0.228829 0.0793489 0.128158
2 0.64015 0.875181 0.0868682 0.129764
2 0.611892 0.259126 0.0782608 0.131248
3 0.396293 0.826275 0.111985 0.185295
2 0.707785 0.483332 0.0821863 0.132916
2 0.484495 0.438321 0.0663149 0.126487
2 0.463295 0.228829 0.0793489 0.128158
2 0.396293 0.826275 0.111985 0.185295
3 0.417245 0.590199 0.0715057 0.159627
3 0.401717 0.801357 0.0637461 0.131218
2 0.533249 0.664923 0.0764607 0.116062
2 0.407527 0.636379 0.0839208 0.139736
3 0.514983 0.375588 0.0654777 0.0862152
2 0.610478 0.400325 0.0609057 0.0860804
3 0.354874 0.782699 0.0917684 0.193768
3 0.706683 0.49427 0.0928759 0.169187
0 0.406499 0.631029 0.0734726 0.121731
3 0.705905 0.58746 0.0758031 0.0606339
2 0.401717 0.801357 0.0637461 0.131218
3 0.415181 0.838346 0.109249 0.208518
3 0.478055 0.420605 0.0718773 0.169179
3 0.415563 0.624191 0.0627771 0.133651
0 0.707785 0.483332 0.0821863 0.132916
0 0.408831 0.626194 0.0833513 0.155677
2 0.537946 0.815679 0.0855095 0.120758
2 0.354874 0.782699 0.0917684 0.193768
2 0.51509 0.36584 0.0648741 0.093522
2 0.495672 0.402704 0.0741296 0.180045
0 0.533249 0.664923 0.0764607 0.116062
3 0.706503 0.532382 0.088406 0.170652
0 0.409279 0.81295 0.0946794 0.153345
0 0.610478 0.400325 0.0609057 0.0860804
2 0.406565 0.640302 0.0735854 0.100935
0 0.519415 0.364427 0.0631676 0.113822
2 0.396982 0.825556 0.0560706 0.182223
1 0.611658 0.255341 0.0802704 0.126645
3 0.419341 0.564069 0.0680888 0.105092
0 0.482194 0.454309 0.0552169 0.0952915
4 0.532686 0.660935 0.0713813 0.103165
2 0.655477 0.706077 0.0836024 0.128394
0 0.484495 0.438321 0.0663149 0.126487
2 0.406547 0.830593 0.0670077 0.19796
2 0.484636 0.451365 0.0652038 0.0749296
3 0.406547 0.830593 0.0670077 0.19796
3 0.642676 0.878141 0.0938039 0.146185
3 0.34245 0.755757 0.0774396 0.187007
3 0.587682 0.521839 0.107564 0.122478
3 0.396982 0.825556 0.0560706 0.182223
3 0.461464 0.233659 0.0718688 0.0998245
3 0.535349 0.885858 0.098911 0.22729
3 0.650915 0.70668 0.0698835 0.0958163
0 0.597775 0.51965 0.0740318 0.0967547
3 0.608864 0.251034 0.0611811 0.095788
3 0.461393 0.405889 0.0487797 0.206394
2 0.706503 0.532382 0.088406 0.170652
0 0.609657 0.258878 0.0665662 0.119747
3 0.529159 0.658099 0.0660473 0.0905546
1 0.611097 0.400854 0.0657359 0.0810876
1 0.705905 0.58746 0.0758031 0.0606339
4 0.483258 0.452808 0.0588543 0.087198
2 0.488947 0 0.204325 0
2 0.706683 0.49427 0.0928759 0.169187
2 0.0916615 0 0.183323 0
3 0.492034 0.42949 0.0483517 0.14035
1 0.522835 0.362442 0.0676426 0.121603
2 0.34245 0.755757 0.0774396 0.187007
2 0.413676 0.617138 0.0753857 0.17181
1 0.411017 0.625998 0.0769475 0.138211
2 0.704663 0.581152 0.0786341 0.0719629
3 0.544099 0.256674 0.044017 0.102547
1 0.599162 0.523753 0.0808373 0.106951
1 0.0916615 0 0.183323 0
1 0.532328 0.66419 0.0776166 0.109756
0 0.0788291 0 0.157658 0
1 0.487296 0.454625 0.0641103 0.0852456
2 0.898449 0 0.203101 0
2 0.415181 0.838346 0.109249 0.208518
4 0.706683 0.49427 0.0928759 0.169187
3 0.530334 0.950677 0.0840747 0.0964481
0 0.706503 0.532382 0.088406 0.170652
3 0.496713 0.234844 0.115036 0.12733
0 0.484636 0.451365 0.0652038 0.0749296
3 0.364423 0.807075 0.105974 0.18938
4 0.707801 0.582357 0.0744492 0.0684703
0 0.396293 0.826275 0.111985 0.185295
3 0.550905 0.67408 0.11558 0.176526
4 0.609994 0.40105 0.0659444 0.0909975
3 0.700202 0.475886 0.0677119 0.0961229
2 0.454915 0 0.226467 0
0 0.640192 0.871709 0.0784704 0.119128
2 0.417245 0.590199 0.0715057 0.159627
0 0.898449 0 0.203101 0
3 0.532345 0.812493 0.0638758 0.10815
0 0.655005 0.7063 0.0845994 0.129796
2 0.866126 0 0.252715 0
3 0.586073 0.836069 0.176973 0.150127
1 0.707642 0.480676 0.0768815 0.125326
1 0.898449 0 0.203101 0
3 0.52148 0.360431 0.0537895 0.0951309
4 0.706503 0.532382 0.088406 0.170652
4 0.413676 0.617138 0.0753857 0.17181
2 0.478055 0.420605 0.0718773 0.169179
4 0.407527 0.636379 0.0839208 0.139736
3 0.688628 0.702457 0.131095 0.146712
4 0.484495 0.438321 0.0663149 0.126487
0 0.417245 0.590199 0.0715057 0.159627
1 0.721077 0.292984 0.0831441 0.126446
0 0.473453 0 0.214365 0
1 0.706683 0.49427 0.0928759 0.169187
2 0.529159 0.658099 0.0660473 0.0905546
0 0.478055 0.420605 0.0718773 0.169179
2 0.281348 0 0.261334 0
4 0.520694 0.363665 0.0584941 0.106887
0 0.537946 0.815679 0.0855095 0.120758
0 0.354874 0.782699 0.0917684 0.193768
0 0.706683 0.49427 0.0928759 0.169187
1 0.401717 0.801357 0.0637461 0.131218
0 0.495672 0.402704 0.0741296 0.180045
4 0.707785 0.483332 0.0821863 0.132916
2 0.135264 0 0.262588 0
