0 0.351201 0.314522 0.13781 0.0620902
2 0.803664 0.476221 0.147444 0.0749547
2 0.614677 0.498497 0.174569 0.0831448
3 0.305262 0.506617 0.168973 0.0795219
2 0.288842 0.403886 0.15797 0.0717373
0 0.629896 0.331859 0.130175 0.0614086
2 0.474232 0.342111 0.0967979 0.0597737
2 0.631969 0.332119 0.122671 0.0576221
0 0.289836 0.405717 0.157898 0.0723577
2 0.305539 0.509126 0.168447 0.0779975
0 0.803497 0.477221 0.154741 0.0762042
3 0.288461 0.407018 0.157324 0.070943
3 0.474232 0.342111 0.0967979 0.0597737
0 0.611592 0.498867 0.165675 0.0818804
3 0.803664 0.476221 0.147444 0.0749547
0 0.473476 0.343137 0.100453 0.061299
0 0.47246 0.345085 0.0832081 0.0484451
2 0.47246 0.345085 0.0832081 0.0484451
3 0.616095 0.4983 0.182091 0.0926992
1 0.474503 0.344034 0.094979 0.0547039
4 0.476056 0.342163 0.092369 0.0561348
1 0.289507 0.403362 0.152134 0.0725695
0 0.305262 0.506617 0.168973 0.0795219
3 0.631969 0.332119 0.122671 0.0576221
2 0.351473 0.315511 0.14559 0.062699
1 0.305276 0.506456 0.155552 0.0741208
2 0.277811 0.406476 0.123622 0.0613335
2 0.610327 0.494932 0.143616 0.0675849
4 0.349214 0.316442 0.148451 0.0615555
1 0.614318 0.499436 0.162725 0.0813091
0 0.361962 0.320243 0.123232 0.0478788
3 0.47246 0.345085 0.0832081 0.0484451
1 0.631969 0.332119 0.122671 0.0576221
4 0.289375 0.405451 0.155058 0.0714811
1 0.803664 0.476221 0.147444 0.0749547
4 0.614792 0.49766 0.173965 0.0826377
3 0.277811 0.406476 0.123622 0.0613335
4 0.629418 0.332826 0.138448 0.060203
0 0.394857 0.220089 0.243402 0.191328
4 0.803382 0.478118 0.156636 0.075326
3 0.612622 0.494207 0.147183 0.074829
3 0.351473 0.315511 0.14559 0.062699
