0 0.765768 0.217547 0.167702 0.105248
2 0.229122 0.711191 0.228902 0.170341
2 0.579032 0.51022 0.184486 0.132919
0 0.529803 0.385168 0.184054 0.11135
2 0.456221 0.57089 0.191854 0.140324
0 0.57809 0.510384 0.189965 0.134336
2 0.462635 0.594509 0.177539 0.0821302
2 0.530623 0.386213 0.187032 0.113282
0 0.228902 0.71161 0.230349 0.170706
2 0.769236 0.218374 0.161363 0.0941296
0 0.579794 0.509635 0.157144 0.111336
0 0.457437 0.576598 0.188306 0.13276
2 0.417126 0.564872 0.107482 0.134112
2 0.579849 0.508405 0.158231 0.106109
0 0.462635 0.594509 0.177539 0.0821302
0 0.229759 0.716033 0.192085 0.138568
3 0.458539 0.586658 0.186408 0.108472
3 0.57809 0.510384 0.189965 0.134336
3 0.230033 0.711952 0.234086 0.177415
2 0.229759 0.716033 0.192085 0.138568
3 0.529803 0.385168 0.184054 0.11135
4 0.230347 0.710288 0.233842 0.175441
3 0.436821 0.569808 0.154785 0.144433
3 0.579794 0.509635 0.157144 0.111336
1 0.462635 0.594509 0.177539 0.0821302
3 0.769244 0.218986 0.164324 0.0991306
3 0.462645 0.595752 0.177164 0.0772025
3 0.417126 0.564872 0.107482 0.134112
4 0.766056 0.217397 0.169384 0.104874
0 0.417126 0.564872 0.107482 0.134112
4 0.534019 0.383471 0.18732 0.111686
0 0.850501 0.252948 0.290619 0.468521
3 0.229759 0.716033 0.192085 0.138568
2 0.361177 0 0.28056 0
4 0.577509 0.512068 0.186611 0.144321
