1 0.137566 0.708498 0.208165 0.360334
1 0.13638 0.24351 0.204961 0.357531
0 0.737686 0.717472 0.15128 0.274422
3 0.898413 0.713873 0.124278 0.235341
4 0.34808 0.240905 0.179094 0.319049
4 0.350907 0.704147 0.172312 0.326859
0 0.736777 0.249193 0.148701 0.272429
2 0.547989 0.252077 0.165489 0.30148
2 0.548334 0.719604 0.168107 0.308699
3 0.898122 0.248073 0.125258 0.232563
0 0.548213 0.72049 0.166557 0.302405
0 0.549971 0.250956 0.164086 0.302988
0 0.896679 0.247693 0.126175 0.227052
3 0.547491 0.71671 0.168712 0.305853
2 0.897004 0.248191 0.12653 0.227093
1 0.546723 0.716993 0.167375 0.307384
4 0.547854 0.249467 0.165902 0.303267
1 0.898569 0.715045 0.132614 0.238363
1 0.546704 0.249996 0.164859 0.304827
0 0.898569 0.714331 0.130624 0.250118
4 0.7361 0.249393 0.151848 0.274274
4 0.547491 0.71671 0.168712 0.305853
0 0.35136 0.717976 0.173048 0.299701
3 0.54805 0.25191 0.165267 0.297555
1 0.3538 0.704566 0.172502 0.326434
1 0.351792 0.240591 0.180173 0.319597
4 0.737612 0.716241 0.153728 0.279872
2 0.897621 0.713795 0.128836 0.235605
4 0.897014 0.247647 0.129708 0.232964
2 0.737612 0.716241 0.153728 0.279872
0 0.738588 0.249265 0.134766 0.207426
1 0.897149 0.246823 0.128391 0.229569
2 0.736828 0.248747 0.151359 0.278229
4 0.897987 0.712735 0.126558 0.233503
1 0.737258 0.716769 0.152285 0.279318
3 0.735892 0.718552 0.157565 0.289841
0 0.351792 0.240591 0.180173 0.319597
1 0.736548 0.248253 0.152278 0.276728
0 0.135696 0.706898 0.206143 0.367065
3 0.736655 0.250217 0.147922 0.264373
0 0.135859 0.241824 0.206404 0.364102
2 0.551376 0.647854 0.152079 0.162875
0 0.551376 0.647854 0.152079 0.162875
4 0.135859 0.241824 0.206404 0.364102
0 0.549215 0.207531 0.154023 0.215702
2 0.551865 0.185142 0.15051 0.171602
0 0.540861 0.249423 0.130747 0.255562
0 0.156013 0.606127 0.148829 0.161381
4 0.135696 0.706898 0.206143 0.367065
