0 0.733168 0.206409 0.257777 0.0760296
2 0.0888136 0.474526 0.168848 0.133029
2 0.61401 0.470524 0.366982 0.145658
2 0.12132 0.315871 0.220361 0.0867224
0 0.263126 0.193871 0.233077 0.0628731
2 0.930747 0.431082 0.132697 0.112476
0 0.932717 0.430513 0.130125 0.115444
0 0.261974 0.21079 0.224498 0.0495627
0 0.61401 0.470524 0.366982 0.145658
3 0.933549 0.429627 0.128673 0.115708
0 0.0888136 0.474526 0.168848 0.133029
3 0.0882197 0.473433 0.165755 0.132549
0 0.120048 0.314264 0.224882 0.0846831
0 0.437767 0.223727 0.201558 0.0842294
0 0.707333 0.212861 0.20871 0.0615906
2 0.437767 0.223727 0.201558 0.0842294
2 0.73239 0.205754 0.260124 0.076042
0 0.466643 0.218708 0.163734 0.0732438
2 0.40956 0.224537 0.267106 0.0917249
2 0.462807 0.222124 0.159067 0.0753561
3 0.61599 0.469606 0.359905 0.144606
0 0.40956 0.224537 0.267106 0.0917249
3 0.118482 0.321096 0.213689 0.091376
0 0.210745 0.212089 0.124094 0.0484648
2 0.262404 0.201871 0.229066 0.0584562
0 0.752859 0.218022 0.298834 0.0624313
0 0.29348 0.188152 0.166114 0.0547538
3 0.466643 0.218708 0.163734 0.0732438
1 0.122859 0.312844 0.207249 0.0838677
4 0.932717 0.430513 0.130125 0.115444
3 0.40956 0.224537 0.267106 0.0917249
2 0.707333 0.212861 0.20871 0.0615906
1 0.933549 0.429627 0.128673 0.115708
2 0.27744 0.190205 0.197806 0.0579233
2 0.530336 0.48678 0.201615 0.0874847
3 0.437767 0.223727 0.201558 0.0842294
0 0.734957 0.225264 0.265247 0.113876
2 0.245613 0.209828 0.216416 0.0514339
3 0.731718 0.206175 0.255878 0.0753203
0 0.29849 0.218227 0.30863 0.106089
2 0.752859 0.218022 0.298834 0.0624313
4 0.613735 0.471828 0.35878 0.141676
1 0.73575 0.210977 0.254459 0.0790604
4 0.118482 0.321096 0.213689 0.091376
1 0.437767 0.223727 0.201558 0.0842294
1 0.61009 0.472813 0.356662 0.138197
1 0.0857512 0.467483 0.16653 0.115534
2 0.210745 0.212089 0.124094 0.0484648
0 0.225896 0.212555 0.175243 0.047215
3 0.707333 0.212861 0.20871 0.0615906
4 0.731988 0.205435 0.259021 0.0756818
0 0.308972 0.253036 0.331594 0.172004
0 0.24194 0.230712 0.258833 0.0824192
2 0.592637 0.486533 0.317629 0.103042
