4 0.240435 0.619638 0.234374 0.134597
2 0.820816 0.316423 0.229087 0.125064
2 0.254881 0.318614 0.204415 0.112058
2 0.532491 0.322744 0.201936 0.114714
2 0.814158 0.46583 0.190797 0.103907
0 0.257322 0.46717 0.204498 0.112447
2 0.550448 0.470669 0.184888 0.0998612
0 0.551018 0.470975 0.161099 0.0868393
0 0.814462 0.464458 0.188566 0.106474
2 0.258309 0.466317 0.203327 0.111436
0 0.531083 0.321391 0.205759 0.115958
0 0.549622 0.472603 0.194195 0.105663
0 0.255026 0.315139 0.165399 0.0983461
2 0.256645 0.318087 0.168745 0.093216
0 0.82393 0.314096 0.201895 0.111144
3 0.550471 0.471529 0.189301 0.101893
2 0.549907 0.470462 0.150112 0.0849365
3 0.258309 0.466317 0.203327 0.111436
0 0.256273 0.320527 0.209824 0.117555
0 0.528162 0.321753 0.172631 0.0943387
3 0.814462 0.464458 0.188566 0.106474
3 0.823667 0.317138 0.228978 0.124236
0 0.241185 0.618431 0.233985 0.140235
4 0.25452 0.468053 0.208376 0.116888
3 0.533861 0.322954 0.205604 0.118362
1 0.528937 0.323673 0.197095 0.104683
3 0.255853 0.320046 0.207708 0.114612
1 0.257264 0.467948 0.183441 0.0984444
0 0.815576 0.178474 0.297074 0.342483
3 0.548705 0.470895 0.155192 0.0860733
4 0.256273 0.320527 0.209824 0.117555
4 0.550471 0.471529 0.189301 0.101893
4 0.822437 0.315029 0.230735 0.124209
0 0.693986 0.181184 0.541832 0.356236
3 0.256645 0.318087 0.168745 0.093216
4 0.532249 0.32234 0.206463 0.115249
1 0.814462 0.464458 0.188566 0.106474
1 0.550471 0.471529 0.189301 0.101893
4 0.240159 0.616381 0.191429 0.112413
