3 0.528275 0.615557 0.0869146 0.0630465
3 0.492963 0.521308 0.0908334 0.0610626
2 0.4927 0.520843 0.0885908 0.0589961
2 0.528275 0.615557 0.0869146 0.0630465
0 0.731803 0.0151425 0.100971 0.0281056
2 0.846988 0.0305074 0.101458 0.0572515
2 0.778788 0 0.19506 0
0 0.0767869 0.0217195 0.151417 0.0408636
2 0.768247 0 0.258836 0
2 0.628802 0 0.214803 0
0 0.086439 0.0174289 0.172878 0.0312988
2 0.128791 0 0.215215 0
1 0.52819 0.615122 0.0868088 0.0609912
2 0.731803 0.0151425 0.100971 0.0281056
2 0.672429 0 0.202351 0
0 0.409275 0.0249652 0.138881 0.0499305
2 0.534115 0 0.194851 0
2 0.163601 0 0.241845 0
2 0.925546 0 0.148908 0
4 0.0754903 0.733043 0.150981 0.49045
1 0.491176 0.521084 0.0917776 0.0571943
2 0.329749 0 0.195001 0
0 0.075395 0.0345212 0.145954 0.0590889
3 0.778788 0 0.19506 0
2 0.81468 0 0.19692 0
0 0.102197 0.0159608 0.145926 0.026596
2 0.588784 0 0.207503 0
2 0.747924 0 0.189731 0
0 0.758105 0 0.233191 0
2 0.951492 0 0.097017 0
0 0.494223 0.52041 0.086876 0.0530113
0 0.72517 0.0185571 0.104174 0.0362481
0 0.846988 0.0305074 0.101458 0.0572515
2 0.503557 0 0.174676 0
0 0.418525 0.0182672 0.119034 0.0343747
2 0.292295 0 0.20942 0
0 0.441654 0.0167626 0.0689269 0.0298954
0 0.762485 0 0.190578 0
2 0.71436 0 0.190784 0
2 0.857995 0.0240819 0.0802216 0.0447865
0 0.258379 0.0317496 0.160485 0.0597158
3 0.329749 0 0.195001 0
2 0.418525 0.0182672 0.119034 0.0343747
2 0.614788 5.70377e-05 0.290521 0.000114075
2 0.409275 0.0249652 0.138881 0.0499305
2 0.086439 0.0174289 0.172878 0.0312988
0 0.628802 0 0.214803 0
2 0.36371 0 0.179727 0
0 0.798232 0 0.19186 0
3 0.647962 0 0.21567 0
0 0.534115 0 0.194851 0
0 0.128791 0 0.215215 0
0 0.527601 0.614709 0.0841085 0.0583078
0 0.857995 0.0240819 0.0802216 0.0447865
3 0.409275 0.0249652 0.138881 0.0499305
0 0.925546 0 0.148908 0
2 0.265773 0 0.188482 0
0 0.672429 0 0.202351 0
2 0.441654 0.0167626 0.0689269 0.0298954
2 0.914177 0 0.171647 0
0 0.163601 0 0.241845 0
2 0.921205 0 0.157589 0
2 0.0767869 0.0217195 0.151417 0.0408636
3 0.144064 0 0.226474 0
3 0.517848 0 0.185964 0
4 0.4936 0.521623 0.0900895 0.0650184
3 0.846988 0.0305074 0.101458 0.0572515
0 0.347525 0 0.191969 0
3 0.418525 0.0182672 0.119034 0.0343747
4 0.409275 0.0249652 0.138881 0.0499305
3 0.609787 0 0.215397 0
2 0.203896 0 0.254637 0
1 0.765148 0.872092 0.469705 0.135916
2 0.855993 0 0.155552 0
0 0.0456185 0.0376024 0.0882137 0.0687509
3 0.81468 0 0.19692 0
2 0.14377 0 0.28754 0
0 0.503557 0 0.174676 0
2 0.72517 0.0185571 0.104174 0.0362481
0 0.614788 5.70377e-05 0.290521 0.000114075
0 0.951492 0 0.097017 0
4 0.0784581 0.0178134 0.141626 0.034552
3 0.292295 0 0.20942 0
2 0.29638 0 0.278233 0
3 0.925546 0 0.148908 0
0 0.27074 0 0.197805 0
2 0.387846 0 0.157572 0
2 0.469594 0 0.155218 0
0 0.132501 0 0.265003 0
0 0.579856 0 0.203449 0
2 0.101889 0 0.203778 0
2 0.102197 0.0159608 0.145926 0.026596
0 0.735461 0 0.188019 0
3 0.36371 0 0.179727 0
1 0.0749507 0.736655 0.149901 0.52669
0 0.30737 0 0.21012 0
3 0.441654 0.0167626 0.0689269 0.0298954
3 0.694612 0 0.19393 0
1 0.409275 0.0249652 0.138881 0.0499305
1 0.086439 0.0174289 0.172878 0.0312988
1 0.128791 0 0.215215 0
3 0.768247 0 0.258836 0
1 0.731803 0.0151425 0.100971 0.0281056
0 0.864151 0.0144705 0.0785791 0.0251592
0 0.834023 0 0.176487 0
3 0.951492 0 0.097017 0
0 0.921205 0 0.157589 0
3 0.567173 0 0.207333 0
0 0.0749507 0.736655 0.149901 0.52669
3 0.105469 0 0.210744 0
1 0.597393 0 0.209117 0
3 0.747924 0 0.189731 0
0 0.126778 0.0140137 0.122994 0.0212331
