1 0.137032 0.70896 0.209374 0.363368
1 0.135286 0.245184 0.206724 0.365408
0 0.736949 0.717318 0.153731 0.276141
3 0.898931 0.714465 0.124409 0.237317
4 0.348172 0.24261 0.181908 0.317422
4 0.350707 0.704833 0.17485 0.328908
0 0.734999 0.251105 0.158026 0.279126
3 0.898518 0.248127 0.125465 0.232923
2 0.547668 0.719522 0.170198 0.311743
2 0.547961 0.252047 0.16561 0.297043
0 0.547863 0.72068 0.167916 0.303796
0 0.549883 0.25112 0.166349 0.304644
3 0.54689 0.71663 0.170935 0.308685
1 0.546296 0.717066 0.170237 0.310756
0 0.898452 0.247255 0.125753 0.230048
0 0.738175 0.245576 0.137935 0.218416
4 0.547566 0.24952 0.167857 0.304377
1 0.546628 0.250013 0.16735 0.305811
1 0.898553 0.71559 0.133373 0.241371
4 0.734999 0.251105 0.158026 0.279126
2 0.898452 0.247255 0.125753 0.230048
3 0.549833 0.249443 0.169944 0.302349
4 0.54689 0.71663 0.170935 0.308685
4 0.737189 0.716708 0.156156 0.283055
1 0.353655 0.705101 0.174951 0.328993
0 0.898553 0.71559 0.133373 0.241371
2 0.734533 0.250981 0.159864 0.291233
0 0.351359 0.71683 0.174059 0.305562
2 0.735799 0.718997 0.159346 0.293177
1 0.899093 0.249019 0.133128 0.235703
1 0.351941 0.242042 0.182677 0.318164
4 0.897285 0.247655 0.130293 0.23354
3 0.735799 0.718997 0.159346 0.293177
2 0.899076 0.716774 0.132428 0.242132
1 0.736853 0.717394 0.1548 0.283678
3 0.73516 0.250543 0.152494 0.270251
4 0.898654 0.713331 0.127057 0.235974
0 0.351941 0.242042 0.182677 0.318164
0 0.135331 0.707327 0.206713 0.370579
1 0.734533 0.250981 0.159864 0.291233
0 0.135616 0.242025 0.208671 0.365187
2 0.551476 0.647325 0.153178 0.164423
4 0.135616 0.242025 0.208671 0.365187
0 0.551476 0.647325 0.153178 0.164423
4 0.135331 0.707327 0.206713 0.370579
4 0.355417 0.707088 0.157543 0.236268
0 0.541987 0.249141 0.133614 0.252353
2 0.55172 0.18544 0.152663 0.174067
