4 0.580315 0.377785 0.269848 0.160572
1 0.587305 0.173501 0.314639 0.178913
2 0.588561 0.550384 0.248697 0.145048
0 0.603872 0.765938 0.228187 0.133545
0 0.587213 0.55011 0.254451 0.14928
2 0.603635 0.765042 0.226695 0.135576
4 0.587336 0.177047 0.314111 0.178699
4 0.587213 0.55011 0.254451 0.14928
3 0.58498 0.54906 0.256333 0.152169
1 0.587365 0.549366 0.250483 0.14991
1 0.584304 0.377057 0.277515 0.160073
0 0.582329 0.37524 0.272255 0.160134
0 0.580055 0.550543 0.208613 0.123581
1 0.580055 0.550543 0.208613 0.123581
2 0.587336 0.177047 0.314111 0.178699
3 0.603635 0.765042 0.226695 0.135576
0 0.585633 0.174601 0.320695 0.175078
1 0.627921 0.178647 0.22952 0.166615
4 0.580055 0.550543 0.208613 0.123581
4 0.603635 0.765042 0.226695 0.135576
0 0.64268 0.847166 0.307993 0.293698
1 0.602493 0.76704 0.212312 0.114559
3 0.585633 0.174601 0.320695 0.175078
