2 0.558239 0.298915 0.110551 0.177078
2 0.575402 0.115095 0.101851 0.149608
2 0.490754 0.631413 0.110857 0.196393
2 0.36895 0.602049 0.0927581 0.173055
0 0.294907 0.498125 0.0671843 0.147653
0 0.385598 0.232203 0.0852387 0.134044
2 0.355871 0.39999 0.0775235 0.137784
3 0.356072 0.408059 0.0735556 0.144858
2 0.376679 0.603012 0.0720703 0.150591
3 0.495188 0.631973 0.0936593 0.181296
0 0.367406 0.612366 0.0820185 0.142018
3 0.578606 0.110035 0.0985001 0.134489
2 0.386558 0.234611 0.0789115 0.116044
3 0.367974 0.601738 0.0935174 0.175247
0 0.301477 0.49328 0.0523258 0.126551
2 0.551478 0.305916 0.0852599 0.155362
2 0.358745 0.410325 0.0576122 0.13412
3 0.557312 0.303602 0.0991481 0.163089
0 0.557312 0.303602 0.0991481 0.163089
2 0.576351 0.112545 0.0865026 0.113199
2 0.364203 0.613456 0.0818075 0.132127
3 0.356548 0.396557 0.0669566 0.103339
0 0.575531 0.114937 0.10179 0.150813
0 0.394602 0.229018 0.0714835 0.117179
2 0.356548 0.396557 0.0669566 0.103339
2 0.493508 0.635085 0.0819888 0.16552
3 0.370914 0.606016 0.0772714 0.147485
0 0.495188 0.631973 0.0936593 0.181296
0 0.384988 0.240082 0.0744745 0.0877542
3 0.386558 0.234611 0.0789115 0.116044
0 0.956319 0.151886 0.0751047 0.28595
2 0.294907 0.498125 0.0671843 0.147653
0 0.28873 0.502995 0.057427 0.121288
0 0.576351 0.112545 0.0865026 0.113199
0 0.354014 0.397073 0.0797597 0.135937
2 0.899171 0 0.201658 0
0 0.358745 0.410325 0.0576122 0.13412
2 0.568068 0.297 0.0862385 0.149587
0 0.377267 0.600795 0.078005 0.151313
3 0.297613 0.498647 0.0722836 0.148285
0 0.9541 0.38465 0.0785151 0.215646
3 0.361177 0.380302 0.062312 0.0941925
4 0.9541 0.38465 0.0785151 0.215646
0 0.269926 0.513067 0.110726 0.193336
4 0.553999 0.299685 0.114674 0.182117
2 0.0843628 0 0.168726 0
4 0.95638 0.156534 0.0748451 0.281382
0 0.947175 0.2994 0.0878443 0.559336
3 0.380431 0.588792 0.0626559 0.137197
1 0.578606 0.110035 0.0985001 0.134489
1 0.386558 0.234611 0.0789115 0.116044
3 0.499479 0.634496 0.114081 0.219365
0 0.356548 0.396557 0.0669566 0.103339
0 0.899171 0 0.201658 0
2 0.382011 0.24438 0.071966 0.0882192
3 0.355702 0.407798 0.0546609 0.11434
4 0.367974 0.601738 0.0935174 0.175247
2 0.361177 0.380302 0.062312 0.0941925
0 0.952141 0.314164 0.0730283 0.301579
2 0.157279 0 0.314558 0
0 0.0843628 0 0.168726 0
2 0.386737 0.234536 0.090626 0.145937
1 0.358745 0.410325 0.0576122 0.13412
