4 0.567969 0.348661 0.201943 0.233657
4 0.747387 0.449994 0.233918 0.205416
4 0.366407 0.737958 0.108799 0.163246
4 0.404045 0.53493 0.201548 0.216578
1 0.524884 0.764086 0.183371 0.20848
1 0.504466 0.754417 0.107394 0.201351
4 0.707345 0.624329 0.217196 0.126127
4 0.186977 0.48028 0.0945768 0.155119
1 0.498136 0.224046 0.184845 0.129935
4 0.173787 0.478881 0.0941076 0.169822
1 0.492414 0.196679 0.177169 0.070632
4 0.662864 0.71228 0.204746 0.163673
4 0.404769 0.530483 0.163609 0.175807
4 0.702879 0.625165 0.193571 0.0922661
1 0.534846 0.809408 0.192861 0.128075
4 0.552904 0.512775 0.0563904 0.0647972
1 0.537013 0.835542 0.198983 0.0786728
4 0.502724 0.753279 0.132448 0.204441
4 0.336446 0.269775 0.124208 0.252307
4 0.643463 0.705289 0.132148 0.133794
4 0.416883 0.638034 0.226897 0.38871
1 0.267662 0.585156 0.0567933 0.172248
4 0.288222 0.28452 0.0868338 0.202526
1 0.494285 0.195606 0.160347 0.0489101
1 0.525323 0.793669 0.166657 0.14304
4 0.677594 0.700002 0.221434 0.205069
4 0.274193 0.660741 0.0713348 0.0590561
4 0.655618 0.717218 0.150535 0.106679
4 0.524884 0.764086 0.183371 0.20848
4 0.696873 0.644883 0.230346 0.150922
1 0.704483 0.622523 0.189721 0.0939067
4 0.724629 0.593977 0.227381 0.208298
1 0.607432 0.741371 0.191069 0.200416
1 0.504796 0.233403 0.150783 0.105195
1 0.527036 0.265129 0.112942 0.0725383
4 0.569904 0.344101 0.165747 0.164804
4 0.230149 0.428355 0.0858646 0.0613834
4 0.665849 0.669575 0.210532 0.251702
4 0.216446 0.442536 0.0855991 0.0745492
4 0.728089 0.531264 0.236026 0.33231
4 0.241673 0.410005 0.10059 0.0793243
4 0.369273 0.739955 0.0832336 0.133151
1 0.292457 0.620283 0.0604013 0.0560347
4 0.326345 0.399459 0.107108 0.0352674
4 0.206974 0.460995 0.148884 0.203346
4 0.274907 0.293452 0.0798109 0.225545
4 0.317993 0.275393 0.0795083 0.216414
4 0.607432 0.741371 0.191069 0.200416
4 0.330516 0.379412 0.131092 0.064609
4 0.498136 0.224046 0.184845 0.129935
4 0.344631 0.267313 0.0457044 0.250344
4 0.278623 0.627723 0.0812663 0.089565
4 0.624902 0.700449 0.0929806 0.139203
4 0.441838 0.564913 0.282698 0.283576
1 0.677594 0.700002 0.221434 0.205069
4 0.381996 0.271155 0.118971 0.257996
1 0.56257 0.452484 0.156981 0.0494485
1 0.655507 0.715486 0.14331 0.112753
1 0.669335 0.728461 0.180608 0.0841005
0 0.516599 0.761554 0.165742 0.203666
0 0.186977 0.48028 0.0945768 0.155119
4 0.426411 0.278396 0.100035 0.256505
4 0.513857 0.728797 0.148199 0.2631
4 0.374016 0.722448 0.0903791 0.1159
1 0.541761 0.257654 0.143608 0.0566001
4 0.439403 0.321466 0.0386622 0.191479
4 0.492414 0.196679 0.177169 0.070632
4 0.376604 0.285893 0.252532 0.282855
1 0.241791 0.584974 0.0510855 0.170879
0 0.367239 0.736987 0.09781 0.151314
4 0.281582 0.286165 0.0614393 0.203381
1 0.552904 0.512775 0.0563904 0.0647972
1 0.285309 0.597354 0.0712224 0.109449
1 0.282077 0.585244 0.0641853 0.147219
4 0.292457 0.620283 0.0604013 0.0560347
1 0.376604 0.285893 0.252532 0.282855
4 0.682159 0.519921 0.107612 0.0854154
0 0.643463 0.705289 0.132148 0.133794
