2 0.566037 0.506727 0.195972 0.106435
2 0.353277 0.271486 0.19071 0.0979427
0 0.181229 0.181445 0.183421 0.0816472
0 0.635611 0.344616 0.0912771 0.100477
2 0.795531 0.408217 0.161544 0.0917182
0 0.448534 0.378198 0.194306 0.0841363
0 0.355061 0.268155 0.19698 0.0999881
2 0.450324 0.368536 0.203442 0.0965735
2 0.180545 0.183091 0.183688 0.084859
0 0.799089 0.407492 0.156095 0.0928299
2 0.442156 0.383531 0.199997 0.072664
2 0.635222 0.345467 0.0993783 0.103254
0 0.449227 0.369513 0.21337 0.110383
0 0.563558 0.507985 0.198856 0.0982333
0 0.429682 0.384302 0.153995 0.0696476
3 0.56117 0.508376 0.197765 0.0995812
0 0.690197 0.3032 0.190272 0.0839099
3 0.347543 0.271185 0.194355 0.0930672
3 0.797202 0.405491 0.153643 0.0884154
2 0.690197 0.3032 0.190272 0.0839099
3 0.63386 0.343331 0.0924464 0.105268
0 0.68551 0.291476 0.186319 0.0664434
4 0.63386 0.343331 0.0924464 0.105268
3 0.180545 0.183091 0.183688 0.084859
3 0.450324 0.368536 0.203442 0.0965735
2 0.0903237 0 0.180647 0
0 0.0903237 0 0.180647 0
3 0.442156 0.383531 0.199997 0.072664
4 0.442156 0.383531 0.199997 0.072664
4 0.354533 0.273243 0.197942 0.101745
2 0.850344 0.591669 0.257014 0.191647
2 0.684239 0.28736 0.182276 0.0654202
1 0.347543 0.271185 0.194355 0.0930672
1 0.635611 0.344616 0.0912771 0.100477
1 0.449118 0.372527 0.210485 0.105865
0 0.0675478 0.78108 0.113374 0.164446
1 0.56117 0.508376 0.197765 0.0995812
1 0.182328 0.182075 0.182291 0.082371
0 0.167605 0.0579676 0.230405 0.102401
