4 0.738677 0.684917 0.453433 0.179912
4 0.268671 0.683246 0.442583 0.180759
0 0.736952 0.103653 0.431631 0.168487
0 0.265765 0.103106 0.432578 0.166313
1 0.266939 0.882187 0.43236 0.172223
3 0.279258 0.295705 0.406152 0.171665
2 0.267273 0.483935 0.431312 0.173201
1 0.74338 0.882302 0.43106 0.168745
2 0.26793 0.295284 0.425236 0.177067
3 0.737734 0.295135 0.432366 0.1751
2 0.741364 0.485871 0.439279 0.172352
0 0.263004 0.295237 0.43598 0.171499
1 0.736108 0.484575 0.446414 0.171808
1 0.737639 0.296442 0.44483 0.174081
2 0.745035 0.296374 0.424831 0.170432
0 0.735721 0.296454 0.445242 0.172034
0 0.74367 0.881752 0.431715 0.169613
4 0.737836 0.880896 0.431689 0.170755
3 0.740946 0.485614 0.432764 0.168696
4 0.742453 0.484858 0.44285 0.172311
1 0.262435 0.482783 0.43983 0.172668
0 0.261222 0.881604 0.437596 0.168192
4 0.268834 0.483345 0.434155 0.17349
3 0.275991 0.480177 0.415786 0.162275
0 0.262435 0.482783 0.43983 0.172668
1 0.263896 0.295053 0.435646 0.173798
0 0.736108 0.484575 0.446414 0.171808
4 0.264027 0.882353 0.434971 0.170945
4 0.737767 0.296333 0.439616 0.176132
1 0.734234 0.106097 0.422945 0.161723
3 0.74367 0.881752 0.431715 0.169613
0 0.265902 0.684294 0.435457 0.178051
2 0.270335 0.103552 0.418018 0.167288
2 0.734234 0.106097 0.422945 0.161723
1 0.266028 0.10327 0.433573 0.166172
4 0.266028 0.10327 0.433573 0.166172
4 0.265119 0.295494 0.420097 0.172739
3 0.272657 0.103257 0.410131 0.160979
2 0.623398 0.485363 0.199417 0.147559
0 0.737175 0.685645 0.446886 0.175681
4 0.734234 0.106097 0.422945 0.161723
2 0.74367 0.881752 0.431715 0.169613
3 0.26658 0.884139 0.428258 0.168176
1 0.743263 0.900468 0.437162 0.199063
1 0.270601 0.900957 0.440583 0.198087
0 0.627954 0.110418 0.21234 0.127741
3 0.734234 0.106097 0.422945 0.161723
1 0.736162 0.66528 0.452142 0.206385
2 0.682144 0.485421 0.297744 0.142335
2 0.268205 0.884247 0.428185 0.167587
1 0.736652 0.851515 0.442233 0.18931
1 0.262652 0.666987 0.440457 0.200789
2 0.268308 0.398281 0.431234 0.276727
2 0.158605 0.295713 0.209518 0.143797
4 0.743263 0.900468 0.437162 0.199063
1 0.328057 0.885205 0.288021 0.155653
2 0.15746 0.483816 0.205869 0.136428
3 0.265902 0.684294 0.435457 0.178051
0 0.688175 0.109096 0.327341 0.1375
4 0.270601 0.900957 0.440583 0.198087
1 0.73849 0.38817 0.440449 0.291956
3 0.73849 0.38817 0.440449 0.291956
3 0.268308 0.398281 0.431234 0.276727
3 0.735871 0.684985 0.447403 0.175515
2 0.737175 0.685645 0.446886 0.175681
2 0.260365 0.680486 0.446564 0.18164
0 0.743263 0.900468 0.437162 0.199063
2 0.73849 0.38817 0.440449 0.291956
0 0.268491 0.186769 0.429023 0.296479
3 0.743263 0.900468 0.437162 0.199063
1 0.268308 0.398281 0.431234 0.276727
4 0.268308 0.398281 0.431234 0.276727
0 0.270601 0.900957 0.440583 0.198087
