2 0.2066 0.611766 0.310452 0.165832
2 0.578869 0.656731 0.28242 0.145374
4 0.508992 0.481575 0.277768 0.145296
0 0.580059 0.661664 0.278725 0.147866
0 0.207082 0.612653 0.314135 0.166511
3 0.581094 0.660692 0.281791 0.150775
2 0.569025 0.667138 0.230994 0.119236
4 0.20348 0.612886 0.316035 0.167816
0 0.50995 0.481766 0.272297 0.142042
3 0.206209 0.612377 0.311457 0.165357
4 0.581094 0.660692 0.281791 0.150775
2 0.90885 0 0.182301 0
1 0.579383 0.645663 0.26351 0.130626
2 0.50995 0.481766 0.272297 0.142042
3 0.508111 0.481702 0.282295 0.150672
1 0.207082 0.612653 0.314135 0.166511
1 0.50995 0.481766 0.272297 0.142042
