3 0.357812 0.765373 0.158588 0.129807
0 0.649939 0.458232 0.198422 0.143403
2 0.222988 0.739985 0.13143 0.148878
0 0.333596 0.596814 0.195325 0.109918
0 0.455521 0.486761 0.175423 0.112788
0 0.529383 0.404551 0.192843 0.135844
0 0.462819 0.353613 0.181139 0.140751
2 0.22327 0.741823 0.104977 0.130171
2 0.24301 0.754028 0.16103 0.128516
0 0.464255 0.321437 0.176522 0.0772996
0 0.499933 0.415252 0.134456 0.14892
0 0.33228 0.621928 0.2031 0.141068
0 0.535821 0.385475 0.172481 0.0941416
2 0.359237 0.765628 0.153175 0.125063
0 0.304127 0.512305 0.0597459 0.0931701
0 0.225185 0.742739 0.107175 0.124305
0 0.53181 0.373642 0.205782 0.0821435
0 0.650675 0.452968 0.156018 0.109514
2 0.650115 0.458421 0.202387 0.145821
0 0.511661 0.393949 0.119475 0.111593
3 0.219978 0.739762 0.109337 0.130355
0 0.228418 0.738227 0.0943347 0.0966801
0 0.472197 0.311782 0.175414 0.0586355
0 0.476592 0.309044 0.145776 0.0479678
2 0.338035 0.671013 0.156703 0.0465841
2 0.462819 0.353613 0.181139 0.140751
1 0.339968 0.669955 0.140797 0.0456092
0 0.338035 0.671013 0.156703 0.0465841
0 0.338604 0.608985 0.173964 0.0670272
0 0.417589 0.483595 0.0930687 0.0868033
2 0.282578 0.759435 0.216249 0.123247
2 0.228418 0.738227 0.0943347 0.0966801
2 0.443899 0.482592 0.148765 0.0933856
0 0.31518 0.517985 0.0687472 0.0869846
3 0.356874 0.762275 0.122357 0.0959515
0 0.448192 0.350911 0.13213 0.120055
0 0.537944 0.367985 0.16101 0.0635221
3 0.24301 0.754028 0.16103 0.128516
0 0.339553 0.520219 0.115611 0.0930007
2 0.333596 0.596814 0.195325 0.109918
2 0.530829 0.413264 0.199418 0.157983
0 0.359237 0.765628 0.153175 0.125063
0 0.434634 0.488552 0.13106 0.0769583
2 0.358546 0.760771 0.12817 0.100709
2 0.330075 0.617734 0.194225 0.130596
0 0.503266 0.362296 0.209793 0.117181
2 0.464255 0.321437 0.176522 0.0772996
2 0.456766 0.488373 0.187671 0.117927
0 0.428833 0.35335 0.101202 0.120829
0 0.222988 0.739985 0.13143 0.148878
2 0.257182 0.741603 0.208266 0.146076
4 0.443899 0.482592 0.148765 0.0933856
0 0.465491 0.344279 0.144501 0.102772
0 0.473651 0.463647 0.150244 0.125832
1 0.443899 0.482592 0.148765 0.0933856
0 0.335876 0.530687 0.148983 0.138864
0 0.24301 0.754028 0.16103 0.128516
0 0.302549 0.509306 0.0486193 0.0690235
1 0.338604 0.608985 0.173964 0.0670272
0 0.89258 0.129459 0.207961 0.244567
3 0.447463 0.356119 0.151752 0.137874
2 0.53181 0.373642 0.205782 0.0821435
0 0.35096 0.538269 0.133788 0.0659927
2 0.499933 0.415252 0.134456 0.14892
4 0.331618 0.601195 0.190655 0.129425
4 0.225338 0.739258 0.136725 0.147885
3 0.282578 0.759435 0.216249 0.123247
2 0.338604 0.608985 0.173964 0.0670272
1 0.359726 0.761465 0.138726 0.116114
0 0.217947 0.726335 0.0779721 0.096477
4 0.456766 0.488373 0.187671 0.117927
2 0.417589 0.483595 0.0930687 0.0868033
0 0.358546 0.760771 0.12817 0.100709
2 0.329351 0.663136 0.133983 0.056341
3 0.448737 0.485202 0.174133 0.104805
0 0.587438 0.423241 0.0462677 0.0363569
0 0.445588 0.496802 0.203619 0.0779709
0 0.599959 0.416524 0.0508252 0.0382828
1 0.456766 0.488373 0.187671 0.117927
1 0.22327 0.741823 0.104977 0.130171
0 0.31892 0.647048 0.148093 0.0791016
2 0.304127 0.512305 0.0597459 0.0931701
4 0.650661 0.458059 0.197721 0.143176
2 0.0967966 0 0.193593 0
0 0.329351 0.663136 0.133983 0.056341
2 0.472197 0.311782 0.175414 0.0586355
2 0.31892 0.647048 0.148093 0.0791016
2 0.535821 0.385475 0.172481 0.0941416
1 0.333596 0.596814 0.195325 0.109918
