4 0.149771 0.542655 0.206935 0.143393
4 0.378418 0.412495 0.184079 0.128512
4 0.387764 0.567534 0.199442 0.150608
1 0.249465 0.750179 0.228713 0.174061
4 0.752527 0.375877 0.193342 0.138486
4 0.544244 0.721748 0.2052 0.157781
1 0.756165 0.561987 0.222765 0.16823
4 0.57764 0.455617 0.181468 0.137365
4 0.576293 0.456579 0.154542 0.108562
4 0.543587 0.716218 0.177871 0.124096
4 0.534739 0.591161 0.21966 0.155768
4 0.209313 0.117329 0.199606 0.221461
4 0.249656 0.75195 0.233592 0.174163
4 0.378797 0.411605 0.147943 0.108678
1 0.246112 0.762916 0.195968 0.140394
0 0.047837 0.0881758 0.0938349 0.158811
4 0.751881 0.371188 0.156498 0.108831
0 0.249465 0.750179 0.228713 0.174061
4 0.148317 0.536165 0.168626 0.119549
1 0.548661 0.958451 0.124302 0.0830986
0 0.576293 0.456579 0.154542 0.108562
