0 0.50332 0.317977 0.123271 0.0899234
2 0.456056 0.529726 0.127774 0.100288
0 0.575316 0.425978 0.114115 0.0843951
0 0.197629 0.349157 0.13249 0.0922185
2 0.602827 0.687538 0.136782 0.106434
0 0.647017 0.330781 0.106929 0.0767527
0 0.428398 0.413139 0.127886 0.092226
0 0.211244 0.716191 0.136896 0.0920232
2 0.262972 0.474793 0.135008 0.0970866
2 0.297411 0.599908 0.14006 0.0979496
2 0.473062 0.172728 0.141507 0.0986722
2 0.745465 0.422746 0.132152 0.100182
2 0.34181 0.282779 0.13574 0.0939365
2 0.722207 0.541609 0.117717 0.0936719
2 0.592464 0.567876 0.0918811 0.0622261
0 0.748047 0.422908 0.127927 0.0975334
2 0.436589 0.679758 0.132177 0.101845
3 0.593922 0.567841 0.090088 0.058254
0 0.344729 0.282477 0.130879 0.0935708
3 0.435432 0.680439 0.129473 0.0959253
3 0.72092 0.54073 0.119425 0.0928578
0 0.472982 0.173053 0.13466 0.0914021
0 0.299874 0.600501 0.134488 0.0919001
0 0.459268 0.532832 0.127632 0.100187
3 0.460098 0.533497 0.121017 0.0973885
3 0.301635 0.601083 0.126096 0.0900393
3 0.265409 0.476615 0.130468 0.0993928
0 0.435432 0.680439 0.129473 0.0959253
3 0.603362 0.68468 0.126437 0.10247
2 0.648473 0.332142 0.112428 0.086379
0 0.265772 0.475177 0.129117 0.0919946
0 0.602468 0.687197 0.129296 0.107109
2 0.456665 0.530241 0.0998276 0.0846392
0 0.720931 0.541499 0.11958 0.091973
3 0.343876 0.281943 0.130381 0.0926743
0 0.592878 0.567002 0.0904083 0.0630859
2 0.57421 0.426869 0.116256 0.0834605
2 0.504463 0.317898 0.127176 0.0946958
1 0.720931 0.541499 0.11958 0.091973
3 0.473681 0.173815 0.137727 0.0963123
2 0.213509 0.715442 0.134616 0.0913155
2 0.197629 0.349157 0.13249 0.0922185
2 0.431962 0.414893 0.129097 0.0876445
0 0.574045 0.41831 0.0970773 0.069968
3 0.748047 0.422908 0.127927 0.0975334
0 0.571577 0.444995 0.129364 0.138433
1 0.299874 0.600501 0.134488 0.0919001
2 0.302616 0.598237 0.117714 0.080628
4 0.439498 0.677282 0.131816 0.0989828
4 0.197157 0.347516 0.138519 0.0934087
0 0.634813 0.336577 0.0796878 0.06345
1 0.435432 0.680439 0.129473 0.0959253
1 0.593194 0.563497 0.0866142 0.054756
3 0.583355 0.572597 0.0736762 0.0561788
4 0.262628 0.473693 0.140744 0.0980779
4 0.425684 0.412923 0.127931 0.0910091
0 0.42102 0.41673 0.104421 0.0784629
2 0.583355 0.572597 0.0736762 0.0561788
1 0.459268 0.532832 0.127632 0.100187
1 0.268178 0.474527 0.120049 0.0903288
0 0.748786 0.415835 0.104022 0.0756933
0 0.456665 0.530241 0.0998276 0.0846392
4 0.593194 0.563497 0.0866142 0.054756
2 0.428478 0.684688 0.105995 0.0784114
4 0.212783 0.71568 0.14151 0.0952764
2 0.718218 0.53975 0.106679 0.0714933
1 0.748214 0.421403 0.123829 0.0903736
4 0.602471 0.688284 0.143068 0.111162
2 0.314256 0.349124 0.127937 0.154088
0 0.237865 0.839189 0.417491 0.299027
2 0.266333 0.46756 0.113931 0.0782045
3 0.718218 0.53975 0.106679 0.0714933
2 0.589497 0.499092 0.0965791 0.134192
4 0.574202 0.426284 0.118079 0.0885951
1 0.473681 0.173815 0.137727 0.0963123
4 0.472683 0.171639 0.147243 0.101204
4 0.301844 0.599309 0.139665 0.0978671
1 0.602468 0.687197 0.129296 0.107109
2 0.644424 0.334831 0.0932831 0.0638657
2 0.597147 0.561842 0.0789491 0.0515915
2 0.571577 0.444995 0.129364 0.138433
2 0.471715 0.170557 0.12046 0.0758034
4 0.456056 0.529726 0.127774 0.100288
3 0.428478 0.684688 0.105995 0.0784114
4 0.646511 0.332894 0.112104 0.0823385
0 0.314256 0.349124 0.127937 0.154088
