1 0.866758 0.719075 0.190174 0.396265
1 0.868518 0.267598 0.189217 0.391293
0 0.266159 0.271648 0.144398 0.298633
0 0.265825 0.711825 0.142084 0.297575
4 0.649653 0.265686 0.171555 0.351522
3 0.097972 0.271057 0.121985 0.25329
4 0.649856 0.722823 0.168987 0.357821
3 0.0977932 0.71089 0.121248 0.2518
2 0.451176 0.711441 0.160847 0.330407
2 0.452522 0.268099 0.161901 0.328047
0 0.455936 0.267146 0.154502 0.3307
0 0.455154 0.706712 0.15429 0.324439
1 0.454372 0.263404 0.152004 0.330423
3 0.452522 0.268099 0.161901 0.328047
1 0.453485 0.707002 0.154918 0.32982
4 0.453485 0.707002 0.154918 0.32982
3 0.453485 0.707002 0.154918 0.32982
2 0.0970071 0.710835 0.126888 0.256207
2 0.0978395 0.270483 0.127756 0.254456
0 0.459156 0.26973 0.12424 0.278577
4 0.453858 0.266436 0.156541 0.333333
0 0.654279 0.273326 0.122789 0.232639
0 0.0990325 0.70864 0.117939 0.238057
4 0.8675 0.721628 0.193601 0.385321
0 0.0971177 0.269874 0.124861 0.258509
4 0.266159 0.271648 0.144398 0.298633
4 0.869763 0.267029 0.192263 0.390124
1 0.0970707 0.270008 0.125811 0.256059
1 0.652936 0.720432 0.169494 0.373636
1 0.265917 0.26599 0.141366 0.308087
4 0.0971733 0.711946 0.127598 0.2572
4 0.0978395 0.270483 0.127756 0.254456
0 0.648337 0.721995 0.168888 0.357449
1 0.264689 0.709153 0.140652 0.296636
4 0.264689 0.709153 0.140652 0.296636
2 0.266723 0.266923 0.142377 0.313902
1 0.0970071 0.710835 0.126888 0.256207
1 0.652308 0.266007 0.171702 0.372777
0 0.868132 0.7169 0.18811 0.393759
2 0.265551 0.710665 0.143865 0.295861
0 0.648938 0.266959 0.171353 0.356966
3 0.266723 0.266923 0.142377 0.313902
0 0.263672 0.271013 0.124767 0.231808
3 0.648337 0.721995 0.168888 0.357449
2 0.454338 0.22901 0.146722 0.262165
2 0.452059 0.768271 0.152186 0.218123
3 0.266107 0.711542 0.144435 0.297362
2 0.451932 0.808903 0.150676 0.134045
3 0.0788198 0.707597 0.15764 0.262931
0 0.86991 0.266975 0.190741 0.386428
0 0.265125 0.770578 0.140329 0.176614
