0 0.715042 0.552585 0.111416 0.0642479
0 0.650197 0.623298 0.0941177 0.0596291
0 0.888534 0.464508 0.109365 0.0715702
0 0.375461 0.607388 0.0970128 0.0684957
2 0.617671 0.488158 0.118878 0.0606885
0 0.31492 0.48389 0.122828 0.0733735
2 0.47418 0.470171 0.150707 0.0855367
2 0.50803 0.626267 0.120408 0.0781568
2 0.156245 0.481244 0.16322 0.0866475
2 0.536171 0.715949 0.11593 0.069194
2 0.51885 0.550963 0.118119 0.0540197
2 0.322522 0.378483 0.14225 0.0780267
2 0.667842 0.41961 0.12314 0.0750946
2 0.778197 0.62931 0.104479 0.0691172
2 0.279563 0.286317 0.132001 0.0741491
3 0.199916 0.610939 0.120687 0.0643716
0 0.823607 0.517277 0.0983012 0.0497905
0 0.40105 0.585174 0.0779888 0.0296607
0 0.385843 0.602031 0.103517 0.0601237
2 0.504363 0.555623 0.0939477 0.0462461
2 0.423496 0.403293 0.059605 0.05983
2 0.324836 0.538789 0.15565 0.0514735
2 0.408643 0.40403 0.0914014 0.0670605
2 0.36922 0.401959 0.178801 0.0746556
0 0.489223 0.386209 0.0515035 0.0478321
2 0.383819 0.406323 0.136645 0.0598185
0 0.318321 0.494395 0.14 0.104962
2 0.333935 0.385168 0.18142 0.0894247
1 0.202442 0.608933 0.115245 0.0624837
0 0.278814 0.285621 0.128638 0.0709562
2 0.515478 0.556272 0.13365 0.068362
2 0.823607 0.517277 0.0983012 0.0497905
0 0.322441 0.522668 0.157809 0.0920381
2 0.322441 0.522668 0.157809 0.0920381
0 0.778934 0.627763 0.095487 0.0654528
2 0.512261 0.567916 0.131741 0.0952006
0 0.811163 0.509903 0.0737562 0.0504322
2 0.514192 0.617045 0.100077 0.0641454
0 0.822501 0.50797 0.121062 0.0737667
2 0.313667 0.481698 0.128638 0.0780334
2 0.204431 0.608287 0.103636 0.0591386
0 0.827508 0.524828 0.0849119 0.0369807
0 0.482172 0.383007 0.0621913 0.0497234
3 0.199092 0.610045 0.105687 0.0501994
2 0.488715 0.464586 0.0792405 0.0745754
0 0.667501 0.418157 0.118448 0.0715451
1 0.61716 0.488808 0.115792 0.0569325
2 0.625811 0.49092 0.0996009 0.0469238
4 0.488358 0.38616 0.0507111 0.0492797
2 0.160851 0.48064 0.127083 0.072035
2 0.318321 0.494395 0.14 0.104962
0 0.156348 0.482279 0.162461 0.0882241
0 0.534963 0.714957 0.120084 0.0734511
0 0.704293 0.553348 0.0927437 0.0525265
1 0.423496 0.403293 0.059605 0.05983
2 0.348063 0.537796 0.114932 0.0473152
2 0.494922 0.634588 0.103907 0.0625128
2 0.474394 0.47218 0.12839 0.0654416
1 0.323525 0.542107 0.152071 0.0459112
2 0.649711 0.62513 0.108001 0.0698644
2 0.609832 0.487453 0.0968582 0.0507309
3 0.536207 0.716179 0.10582 0.0660829
1 0.408643 0.40403 0.0914014 0.0670605
1 0.361315 0.400122 0.182651 0.0672358
2 0.372464 0.608582 0.0994293 0.0745602
2 0.307164 0.541412 0.126252 0.0384314
3 0.424764 0.401771 0.0571212 0.0543537
0 0.506195 0.627 0.122877 0.0740097
3 0.776228 0.629887 0.104935 0.0716843
4 0.424488 0.400286 0.0594211 0.0516759
4 0.652739 0.623155 0.103966 0.0689063
1 0.348063 0.537796 0.114932 0.0473152
0 0.650946 0.624949 0.113294 0.0771787
2 0.453918 0.473893 0.0998735 0.0435234
4 0.435562 0.39369 0.0659013 0.0592963
2 0.190642 0.550136 0.0711922 0.040932
2 0.537291 0.714256 0.0851278 0.0655134
0 0.323525 0.542107 0.152071 0.0459112
4 0.47097 0.377278 0.0769 0.0380641
1 0.383819 0.406323 0.136645 0.0598185
1 0.518973 0.55158 0.114622 0.0527562
0 0.435562 0.39369 0.0659013 0.0592963
0 0.322522 0.378483 0.14225 0.0780267
1 0.778934 0.627763 0.095487 0.0654528
2 0.365127 0.535664 0.0797909 0.0476616
1 0.368224 0.539659 0.0947961 0.0460869
0 0.803213 0.506563 0.0614891 0.0432899
1 0.488358 0.38616 0.0507111 0.0492797
2 0.888161 0.463275 0.115057 0.0763408
1 0.504363 0.555623 0.0939477 0.0462461
3 0.536545 0.71658 0.130162 0.0788478
3 0.322522 0.378483 0.14225 0.0780267
2 0.40105 0.585174 0.0779888 0.0296607
0 0.472715 0.467033 0.142384 0.0842813
3 0.519326 0.55149 0.106788 0.0517661
0 0.618141 0.489147 0.122925 0.0594438
3 0.383819 0.406323 0.136645 0.0598185
2 0.424918 0.398312 0.0758022 0.0649375
1 0.823607 0.517277 0.0983012 0.0497905
0 0.160851 0.48064 0.127083 0.072035
2 0.447848 0.468511 0.0930548 0.0401597
1 0.330097 0.389529 0.139748 0.0698652
0 0.47097 0.377278 0.0769 0.0380641
0 0.424488 0.400286 0.0594211 0.0516759
4 0.715042 0.552585 0.111416 0.0642479
0 0.513492 0.55314 0.109049 0.0489304
2 0.714637 0.552586 0.121734 0.0718599
3 0.472954 0.468675 0.129568 0.0782949
0 0.383819 0.406323 0.136645 0.0598185
0 0.82852 0.572049 0.0713799 0.0428023
0 0.408643 0.40403 0.0914014 0.0670605
2 0.435562 0.39369 0.0659013 0.0592963
3 0.509225 0.625848 0.112279 0.0725845
1 0.435562 0.39369 0.0659013 0.0592963
1 0.321774 0.378174 0.136727 0.0740509
2 0.822501 0.50797 0.121062 0.0737667
4 0.40105 0.585174 0.0779888 0.0296607
1 0.668031 0.41935 0.124487 0.0754038
2 0.827508 0.524828 0.0849119 0.0369807
0 0.372124 0.613009 0.0857388 0.0529414
2 0.361569 0.415967 0.166696 0.0354254
0 0.830449 0.569385 0.0875755 0.0570454
1 0.424918 0.398312 0.0758022 0.0649375
3 0.408643 0.40403 0.0914014 0.0670605
2 0.330097 0.389529 0.139748 0.0698652
2 0.774174 0.629766 0.0892225 0.0565409
4 0.314764 0.482936 0.118406 0.0697111
1 0.510846 0.623489 0.106853 0.0699753
1 0.335717 0.539739 0.140733 0.058469
0 0.488715 0.464586 0.0792405 0.0745754
1 0.280049 0.286207 0.131627 0.0751193
3 0.159008 0.481636 0.144288 0.0780531
2 0.505158 0.625129 0.153424 0.0876968
3 0.278667 0.286121 0.146353 0.0843806
0 0.533901 0.717414 0.101787 0.05706
2 0.487502 0.560576 0.0771384 0.0485077
3 0.504363 0.555623 0.0939477 0.0462461
0 0.502644 0.557676 0.0976423 0.0475164
0 0.886775 0.464828 0.0971896 0.056118
4 0.202132 0.609072 0.112547 0.0599498
3 0.66633 0.418375 0.130957 0.0782649
2 0.488358 0.38616 0.0507111 0.0492797
2 0.499167 0.626961 0.0906404 0.0620895
2 0.6513 0.622496 0.089684 0.0563335
2 0.345996 0.28644 0.187493 0.132275
2 0.811163 0.509903 0.0737562 0.0504322
1 0.827508 0.524828 0.0849119 0.0369807
2 0.385843 0.602031 0.103517 0.0601237
2 0.477606 0.483714 0.135789 0.0677692
3 0.320902 0.518089 0.156072 0.10183
1 0.47097 0.377278 0.0769 0.0380641
4 0.375541 0.608222 0.0963394 0.0657372
2 0.484798 0.385145 0.0710714 0.0594342
2 0.534558 0.559698 0.0953846 0.0503127
2 0.489207 0.440839 0.0625096 0.0392136
1 0.534558 0.559698 0.0953846 0.0503127
2 0.202771 0.551408 0.0608357 0.0412857
2 0.290151 0.544255 0.101989 0.0397327
0 0.822366 0.51776 0.101702 0.0744298
1 0.47406 0.467863 0.133665 0.0828191
3 0.488715 0.464586 0.0792405 0.0745754
2 0.538824 0.563968 0.19395 0.107318
1 0.158852 0.481653 0.144951 0.0780668
2 0.585302 0.692714 0.0375108 0.0293386
3 0.36922 0.401959 0.178801 0.0746556
2 0.622702 0.478884 0.106561 0.0711823
4 0.888631 0.464385 0.109502 0.0711065
0 0.291424 0.542456 0.10019 0.0377566
2 0.169879 0.549729 0.110141 0.0409587
1 0.409034 0.585013 0.0624812 0.0317238
1 0.633204 0.490325 0.0954481 0.0495167
0 0.319899 0.483529 0.102262 0.0559889
0 0.424918 0.398312 0.0758022 0.0649375
3 0.3725 0.607685 0.0969032 0.0754316
2 0.506061 0.473686 0.227526 0.0961289
3 0.514192 0.617045 0.100077 0.0641454
0 0.361315 0.400122 0.182651 0.0672358
0 0.494922 0.634588 0.103907 0.0625128
0 0.514192 0.617045 0.100077 0.0641454
3 0.326207 0.539471 0.159235 0.0573953
3 0.823607 0.517277 0.0983012 0.0497905
0 0.276965 0.282772 0.149963 0.0897855
1 0.535696 0.715652 0.109394 0.0701892
2 0.524612 0.604584 0.105092 0.0514648
2 0.427686 0.281825 0.129312 0.146476
2 0.52404 0.639241 0.0953835 0.0629557
2 0.346723 0.392402 0.109113 0.062359
3 0.333935 0.385168 0.18142 0.0894247
4 0.823607 0.517277 0.0983012 0.0497905
0 0.201648 0.608821 0.108963 0.0550757
1 0.314403 0.482338 0.11134 0.0646102
2 0.415806 0.415717 0.0886756 0.0653044
4 0.156348 0.482279 0.162461 0.0882241
2 0.169601 0.40751 0.187253 0.132567
3 0.515478 0.556272 0.13365 0.068362
1 0.488715 0.464586 0.0792405 0.0745754
2 0.71274 0.553751 0.0996709 0.0563347
3 0.365127 0.535664 0.0797909 0.0476616
2 0.331119 0.380895 0.118478 0.0612195
0 0.489207 0.440839 0.0625096 0.0392136
3 0.617671 0.488158 0.118878 0.0606885
0 0.487502 0.560576 0.0771384 0.0485077
2 0.311945 0.481661 0.107191 0.0633123
0 0.190642 0.550136 0.0711922 0.040932
1 0.393841 0.598303 0.0908782 0.059262
0 0.625811 0.49092 0.0996009 0.0469238
1 0.319839 0.507782 0.139521 0.116521
2 0.465496 0.42834 0.0457134 0.046567
3 0.313667 0.481698 0.128638 0.0780334
2 0.493448 0.496722 0.109307 0.0403277
2 0.576375 0.678498 0.0385557 0.0218592
0 0.348063 0.537796 0.114932 0.0473152
2 0.594978 0.510346 0.0907837 0.0353442
0 0.738427 0.557605 0.0873177 0.0570196
3 0.190642 0.550136 0.0711922 0.040932
3 0.27818 0.285043 0.122805 0.0693817
1 0.652739 0.623155 0.103966 0.0689063
2 0.392538 0.533225 0.0414362 0.0521327
2 0.546445 0.555155 0.0707067 0.0479435
2 0.534744 0.714861 0.144066 0.0847268
3 0.65066 0.624065 0.106498 0.0689049
2 0.429017 0.472007 0.061929 0.0379269
2 0.423678 0.464411 0.0542183 0.0313389
3 0.348063 0.537796 0.114932 0.0473152
1 0.307164 0.541412 0.126252 0.0384314
0 0.499167 0.626961 0.0906404 0.0620895
0 0.305885 0.480225 0.0986668 0.0568414
4 0.393841 0.598303 0.0908782 0.059262
0 0.675707 0.550928 0.0493828 0.0436302
2 0.591323 0.676079 0.0379267 0.0256986
4 0.408643 0.40403 0.0914014 0.0670605
1 0.361569 0.415967 0.166696 0.0354254
0 0.333935 0.385168 0.18142 0.0894247
2 0.281867 0.282003 0.152169 0.0980681
1 0.392538 0.533225 0.0414362 0.0521327
0 0.546897 0.712736 0.0862427 0.0604686
2 0.153531 0.551327 0.109704 0.0350719
1 0.43191 0.391068 0.0584467 0.0465443
0 0.609948 0.482877 0.0994553 0.0588592
1 0.346723 0.392402 0.109113 0.062359
4 0.777485 0.629652 0.115498 0.0747907
2 0.641642 0.451349 0.106104 0.126318
