0 0.279222 0.759861 0.175664 0.331831
2 0.463177 0.228357 0.189749 0.360873
0 0.539005 0.672563 0.178497 0.335789
2 0.147432 0.355192 0.145733 0.285455
2 0.538507 0.670288 0.177815 0.333465
0 0.464577 0.233616 0.192648 0.357893
3 0.146068 0.357187 0.146032 0.269223
0 0.765625 0.48211 0.434521 0.963539
1 0.147312 0.355975 0.144077 0.286625
2 0.280876 0.763264 0.175535 0.312771
0 0.146623 0.360115 0.148028 0.274428
3 0.465261 0.229852 0.194472 0.339231
3 0.538507 0.670288 0.177815 0.333465
1 0.46564 0.233988 0.193156 0.359686
4 0.463832 0.232086 0.195287 0.357085
1 0.538492 0.670612 0.177677 0.336341
4 0.538492 0.670612 0.177677 0.336341
4 0.148231 0.355059 0.143111 0.284135
3 0.280876 0.763264 0.175535 0.312771
2 0.150564 0.304554 0.122932 0.181011
2 0.134978 0.358992 0.111515 0.218227
3 0.150564 0.304554 0.122932 0.181011
1 0.279402 0.760942 0.17881 0.332549
