0 0.225128 0.318869 0.285505 0.163288
0 0.125104 0.526978 0.245092 0.15002
2 0.241647 0.733167 0.2308 0.122799
2 0.680432 0.669927 0.297346 0.165762
0 0.801281 0.149749 0.289916 0.164076
2 0.338957 0.910666 0.290123 0.150471
0 0.0854034 0.961161 0.163609 0.0768069
0 0.909979 0.940526 0.179237 0.108225
2 0.962759 0.40275 0.0744825 0.143832
2 0.909713 0.941593 0.178594 0.107309
0 0.337752 0.909177 0.28655 0.15242
3 0.678894 0.670728 0.295017 0.165516
1 0.913965 0.939622 0.171134 0.103525
3 0.242901 0.732813 0.230582 0.119113
0 0.678894 0.670728 0.295017 0.165516
0 0.243657 0.733451 0.231006 0.122068
0 0.96293 0.401991 0.0741401 0.142251
2 0.970444 0.403782 0.058373 0.125288
2 0.124746 0.526309 0.244632 0.146964
2 0.800026 0.149116 0.291228 0.165206
3 0.337752 0.909177 0.28655 0.15242
4 0.679748 0.671308 0.297494 0.167455
3 0.963212 0.403246 0.0735755 0.141473
1 0.6793 0.670483 0.296547 0.165596
2 0.226038 0.319725 0.281894 0.160778
0 0.0897451 0.96187 0.17949 0.0762606
0 0.970444 0.403782 0.058373 0.125288
1 0.24675 0.735525 0.20666 0.112395
1 0.800589 0.148614 0.298753 0.166117
2 0.0854034 0.961161 0.163609 0.0768069
4 0.243578 0.734154 0.233279 0.125757
4 0.337951 0.912111 0.293678 0.153086
1 0.22449 0.319556 0.283996 0.157341
4 0.225521 0.318273 0.285119 0.163611
2 0.639084 0.670122 0.215927 0.144803
3 0.799973 0.149193 0.294993 0.165864
1 0.967308 0.402544 0.0653834 0.134082
1 0.337756 0.912461 0.293654 0.153865
3 0.908638 0.939727 0.179103 0.112564
4 0.963027 0.403528 0.0739455 0.143517
4 0.80184 0.150218 0.291677 0.16272
3 0.970444 0.403782 0.058373 0.125288
4 0.127837 0.527261 0.244571 0.150404
4 0.909016 0.93993 0.177988 0.112719
3 0.226038 0.319725 0.281894 0.160778
0 0.224342 0.316905 0.233577 0.125364
3 0.0854034 0.961161 0.163609 0.0768069
1 0.127837 0.527261 0.244571 0.150404
2 0.272264 0.749551 0.259058 0.154232
4 0.0854034 0.961161 0.163609 0.0768069
