0 0.312638 0.789937 0.210799 0.363889
0 0.640531 0.610857 0.212737 0.348583
0 0.219077 0.199694 0.197444 0.337448
0 0.491225 0.131998 0.200567 0.259766
2 0.310909 0.784971 0.206834 0.34614
2 0.223356 0.201459 0.195348 0.331213
2 0.638014 0.612991 0.207951 0.339304
2 0.492533 0.134439 0.202215 0.267899
3 0.223356 0.201459 0.195348 0.331213
0 0.774271 0.44189 0.408499 0.878056
3 0.313965 0.785709 0.210843 0.350522
1 0.315369 0.784998 0.205606 0.36281
4 0.312638 0.789937 0.210799 0.363889
4 0.217526 0.196947 0.197281 0.335229
3 0.492533 0.134439 0.202215 0.267899
1 0.641691 0.614575 0.211772 0.351847
1 0.220568 0.199236 0.188738 0.32313
4 0.491225 0.131998 0.200567 0.259766
3 0.640927 0.615576 0.208697 0.340819
0 0.63336 0.648587 0.184637 0.291351
