0 0.299311 0.28635 0.296375 0.159138
0 0.242946 0.574021 0.332962 0.187116
3 0.652447 0.156246 0.253291 0.141899
0 0.789546 0.436328 0.319037 0.175717
2 0.793876 0.437933 0.307842 0.17298
1 0.651548 0.156553 0.247797 0.141278
2 0.244453 0.578571 0.330228 0.181279
2 0.301807 0.285619 0.293083 0.162137
2 0.651901 0.156302 0.251647 0.140753
3 0.791499 0.439081 0.315411 0.173703
0 0.650413 0.155889 0.251055 0.142229
1 0.242124 0.574108 0.337315 0.183241
4 0.793876 0.437933 0.307842 0.17298
4 0.242124 0.574108 0.337315 0.183241
3 0.300945 0.285704 0.297108 0.159973
0 0.248656 0.577764 0.282698 0.135336
1 0.791499 0.439081 0.315411 0.173703
3 0.243898 0.573838 0.333183 0.188183
4 0.651901 0.156302 0.251647 0.140753
0 0.568216 0.731208 0.858064 0.537583
4 0.301807 0.285619 0.293083 0.162137
