0 0.503539 0.184195 0.179833 0.308272
0 0.325373 0.757508 0.19335 0.329518
0 0.263718 0.236029 0.190758 0.313748
0 0.617663 0.643342 0.194348 0.327603
2 0.263491 0.237231 0.194838 0.313668
2 0.327561 0.761219 0.190631 0.31308
2 0.61811 0.645091 0.186864 0.322803
0 0.770297 0.484419 0.424517 0.95788
2 0.50031 0.187608 0.185341 0.298023
1 0.500175 0.182774 0.175976 0.308383
3 0.61811 0.645091 0.186864 0.322803
3 0.263491 0.237231 0.194838 0.313668
3 0.501213 0.188238 0.187316 0.302038
3 0.327561 0.761219 0.190631 0.31308
1 0.260404 0.234385 0.190141 0.299171
4 0.263726 0.234195 0.192017 0.315578
0 0.614045 0.628104 0.157829 0.263468
0 0.709596 0.425564 0.549234 0.851129
4 0.327179 0.757138 0.191996 0.33056
0 0.134036 0.586555 0.253063 0.794098
