0 0.723874 0.49939 0.248298 0.127904
0 0.315543 0.390608 0.24459 0.132722
0 0.372381 0.589358 0.272449 0.148004
2 0.869726 0.874934 0.208116 0.110248
0 0.273053 0.847649 0.274319 0.141472
0 0.680286 0.696234 0.24606 0.135825
2 0.272195 0.848543 0.273104 0.138993
2 0.679474 0.694949 0.244921 0.13766
2 0.373348 0.5877 0.270633 0.149312
0 0.869196 0.876269 0.206965 0.116518
1 0.867671 0.875891 0.201123 0.105957
2 0.873003 0.886066 0.229923 0.143109
3 0.867251 0.87757 0.20222 0.0978876
2 0.941198 0.977797 0.117604 0.044407
1 0.941198 0.977797 0.117604 0.044407
2 0.723339 0.49947 0.248654 0.126722
0 0.941198 0.977797 0.117604 0.044407
3 0.872891 0.88253 0.226286 0.137109
3 0.941198 0.977797 0.117604 0.044407
4 0.871147 0.882668 0.216601 0.134244
2 0.315742 0.389445 0.247598 0.135949
1 0.939587 0.975501 0.120825 0.0489984
0 0.877937 0.898607 0.238778 0.169233
4 0.374563 0.588193 0.271898 0.152152
1 0.273053 0.847649 0.274319 0.141472
0 0.248774 0.847414 0.23026 0.108926
0 0.306345 0.410685 0.205098 0.0848227
3 0.374563 0.588193 0.271898 0.152152
4 0.680362 0.695315 0.251056 0.140881
3 0.275953 0.848298 0.274562 0.14247
4 0.275953 0.848298 0.274562 0.14247
4 0.867251 0.87757 0.20222 0.0978876
3 0.680362 0.695315 0.251056 0.140881
0 0.350057 0.591504 0.231144 0.108329
0 0.719181 0.500828 0.22721 0.0973345
1 0.678477 0.695337 0.248974 0.138818
4 0.941198 0.977797 0.117604 0.044407
1 0.372381 0.589358 0.272449 0.148004
4 0.723534 0.501112 0.254408 0.131652
1 0.724255 0.500044 0.252589 0.126279
1 0.872891 0.88253 0.226286 0.137109
4 0.314144 0.391062 0.243686 0.128852
0 0.327347 0.262488 0.44547 0.416459
