2 0.623697 0.619684 0.216868 0.119471
4 0.790776 0.881703 0.237 0.127102
2 0.690503 0.46644 0.228196 0.124597
0 0.381256 0.418591 0.239588 0.123843
0 0.291197 0.834816 0.229459 0.116413
2 0.292771 0.83457 0.234582 0.117062
2 0.380513 0.417541 0.239068 0.123577
1 0.3813 0.414869 0.224296 0.119222
0 0.071318 0.979974 0.135745 0.0400518
0 0.690717 0.466924 0.225784 0.123555
1 0.627928 0.618224 0.223775 0.125029
1 0.291401 0.838251 0.206586 0.104777
3 0.291197 0.834816 0.229459 0.116413
0 0.622079 0.619141 0.201931 0.107267
1 0.691921 0.468165 0.209836 0.113681
4 0.0162596 0.885356 0.0325192 0.073287
3 0.623315 0.621439 0.217152 0.114859
3 0.688207 0.466758 0.233433 0.126236
0 0.0162596 0.885356 0.0325192 0.073287
3 0.380695 0.417149 0.238861 0.124464
0 0.0722632 0.979032 0.144526 0.0419361
0 0.0730544 0.967206 0.146109 0.0655877
1 0.0162596 0.885356 0.0325192 0.073287
4 0.380695 0.417149 0.238861 0.124464
2 0.0162596 0.885356 0.0325192 0.073287
0 0.789537 0.880021 0.214837 0.107324
4 0.291442 0.835075 0.235338 0.122223
2 0.071318 0.979974 0.135745 0.0400518
4 0.627928 0.618224 0.223775 0.125029
4 0.688207 0.466758 0.233433 0.126236
1 0.790776 0.881703 0.237 0.127102
3 0.790608 0.882781 0.240387 0.12836
3 0.0162596 0.885356 0.0325192 0.073287
4 0.0730544 0.967206 0.146109 0.0655877
1 0.0685742 0.981002 0.137148 0.0379967
0 0.0724061 0.997373 0.144812 0.00525519
4 0.825595 0.896413 0.324044 0.153078
