0 0.718217 0.592829 0.22228 0.376245
0 0.419517 0.740594 0.211477 0.389393
0 0.548685 0.122652 0.219263 0.244493
0 0.28239 0.309071 0.211998 0.372725
2 0.282803 0.305283 0.203295 0.375074
3 0.420838 0.750699 0.206171 0.364795
2 0.420838 0.750699 0.206171 0.364795
2 0.547915 0.127005 0.216613 0.254011
1 0.283309 0.309038 0.213446 0.372665
1 0.41967 0.744138 0.211728 0.387889
2 0.716026 0.599442 0.215809 0.355279
4 0.28239 0.309071 0.211998 0.372725
3 0.282803 0.305283 0.203295 0.375074
4 0.417449 0.74206 0.208682 0.388979
1 0.71907 0.590075 0.215067 0.375679
0 0.923486 0.68805 0.131614 0.56232
3 0.716026 0.599442 0.215809 0.355279
4 0.546133 0.124712 0.214934 0.249233
3 0.548685 0.122652 0.219263 0.244493
4 0.71907 0.590075 0.215067 0.375679
