0 0.613855 0.338744 0.218969 0.366288
0 0.367676 0.222879 0.21203 0.379147
0 0.477137 0.69017 0.182363 0.356731
2 0.478693 0.694645 0.178982 0.359641
2 0.368706 0.22197 0.203372 0.354361
3 0.478693 0.694645 0.178982 0.359641
1 0.476834 0.689168 0.181471 0.355768
4 0.476292 0.689755 0.185936 0.360604
0 0.118662 0.285273 0.0392445 0.0291115
0 0.108906 0.511451 0.190948 0.977098
2 0.614393 0.343526 0.2209 0.372607
0 0.609497 0.295108 0.171623 0.258453
2 0.480573 0.807472 0.173887 0.136128
0 0.363043 0.180199 0.161271 0.253288
0 0.151909 0.496426 0.263525 0.979722
4 0.367327 0.22265 0.214728 0.381554
1 0.367982 0.217535 0.201274 0.380738
4 0.614393 0.343526 0.2209 0.372607
1 0.0984345 0.530677 0.168677 0.937569
3 0.368706 0.22197 0.203372 0.354361
