0 0.362438 0.230979 0.215121 0.380759
0 0.74197 0.197924 0.218185 0.362937
0 0.462269 0.667147 0.192793 0.34249
2 0.463514 0.670459 0.19383 0.335991
2 0.361872 0.228983 0.198608 0.354755
3 0.463514 0.670459 0.19383 0.335991
0 0.104897 0.251352 0.0400837 0.0273328
2 0.927364 0.127439 0.13929 0.253062
1 0.460905 0.665748 0.191105 0.339804
2 0.213964 0.34058 0.0558654 0.0704449
3 0.213964 0.34058 0.0558654 0.0704449
0 0.353546 0.192603 0.175058 0.258063
4 0.462378 0.667914 0.195631 0.3412
2 0.743781 0.197277 0.219519 0.368375
4 0.362438 0.230979 0.215121 0.380759
3 0.967297 0.202832 0.0507393 0.0505712
2 0.463439 0.567389 0.141784 0.150989
1 0.363463 0.234092 0.214441 0.394916
3 0.361872 0.228983 0.198608 0.354755
0 0.0940074 0.500244 0.161288 0.981293
0 0.363249 0.303544 0.204778 0.242629
0 0.926539 0.192925 0.138755 0.383652
