0 0.517471 0.717442 0.205592 0.377028
0 0.799409 0.742195 0.207677 0.380855
0 0.529118 0.219347 0.203399 0.382306
0 0.823892 0.30646 0.21334 0.374763
2 0.799728 0.748414 0.204416 0.356297
2 0.52796 0.219351 0.19927 0.363096
2 0.825078 0.308245 0.209816 0.356038
2 0.516031 0.722604 0.206848 0.35902
3 0.52796 0.219351 0.19927 0.363096
1 0.10314 0 0.20628 0
2 0.10314 0 0.20628 0
0 0.516521 0.750439 0.167566 0.326472
0 0.0905962 0 0.181192 0
1 0.52796 0.219351 0.19927 0.363096
0 0.801364 0.323138 0.166132 0.303914
4 0.51811 0.723139 0.207791 0.377556
3 0.825055 0.304302 0.202248 0.349737
4 0.824623 0.299279 0.216676 0.367569
