0 0.285312 0.295502 0.307475 0.168205
3 0.665608 0.16056 0.26721 0.157523
0 0.224178 0.603275 0.350453 0.190676
2 0.796899 0.463698 0.334017 0.1942
3 0.804632 0.461979 0.326991 0.198964
0 0.80081 0.463047 0.3364 0.195808
2 0.224581 0.604381 0.341836 0.182601
2 0.665809 0.159323 0.258616 0.154721
2 0.286004 0.295685 0.311967 0.16985
0 0.664075 0.159029 0.270561 0.159929
1 0.80081 0.463047 0.3364 0.195808
1 0.663374 0.15869 0.269764 0.160192
3 0.223549 0.601977 0.348154 0.192267
4 0.286004 0.295685 0.311967 0.16985
4 0.224178 0.603275 0.350453 0.190676
4 0.665809 0.159323 0.258616 0.154721
4 0.80081 0.463047 0.3364 0.195808
1 0.224178 0.603275 0.350453 0.190676
3 0.287336 0.295203 0.315584 0.172944
0 0.241836 0.301957 0.230324 0.140544
