0 0.722215 0.217511 0.215548 0.37727
0 0.456463 0.250966 0.203626 0.360595
0 0.465071 0.725595 0.19962 0.35414
0 0.700595 0.72396 0.208022 0.35741
2 0.699822 0.723615 0.201706 0.347463
2 0.458577 0.247336 0.201449 0.336818
0 0.928061 0.215425 0.128426 0.418452
2 0.720617 0.219252 0.212802 0.354928
2 0.46419 0.723962 0.19449 0.339369
0 0.927243 0.433905 0.128033 0.853368
1 0.699863 0.732884 0.20451 0.365484
0 0.191763 0.492971 0.367567 0.980775
3 0.699318 0.726278 0.202087 0.368512
3 0.720617 0.219252 0.212802 0.354928
0 0.822972 0.502007 0.0405818 0.0279074
3 0.46419 0.723962 0.19449 0.339369
4 0.0670443 0.831583 0.0424413 0.0436567
1 0.463364 0.722868 0.19247 0.357905
0 0.436933 0.293821 0.164376 0.268548
4 0.699318 0.726278 0.202087 0.368512
0 0.862224 0.82285 0.265756 0.3543
