4 0.482811 0.659926 0.406202 0.228947
2 0.815011 0.311815 0.353094 0.220617
0 0.397089 0.244642 0.397348 0.226087
2 0.397152 0.250406 0.412597 0.226612
0 0.816578 0.310333 0.34925 0.221147
0 0.483311 0.661495 0.405746 0.221058
1 0.39741 0.241532 0.39198 0.22084
4 0.39741 0.241532 0.39198 0.22084
3 0.817689 0.311075 0.352302 0.221878
4 0.815339 0.310247 0.352407 0.22048
3 0.39741 0.241532 0.39198 0.22084
1 0.815339 0.310247 0.352407 0.22048
1 0.483311 0.661495 0.405746 0.221058
2 0.483312 0.662979 0.407379 0.229115
2 0.824035 0.155734 0.112812 0.0487764
