2 0.640607 0.562754 0.211238 0.119504
0 0.380032 0.259331 0.190367 0.109694
2 0.554489 0.43552 0.160963 0.0904147
4 0.391021 0.762844 0.215934 0.119037
2 0.439478 0.644248 0.202519 0.112581
1 0.672459 0.858808 0.254266 0.14185
0 0.215944 0.643253 0.185375 0.107162
0 0.361999 0.149943 0.204134 0.113216
0 0.139139 0.390377 0.212672 0.126375
2 0.139254 0.389403 0.209667 0.127491
2 0.849197 0.369627 0.217737 0.123054
0 0.0215793 0.603039 0.0431585 0.095874
0 0.849536 0.369774 0.218796 0.122387
2 0.214773 0.643386 0.188595 0.10818
2 0.021743 0.605044 0.043486 0.100582
4 0.020778 0.604 0.041556 0.0952843
1 0.020778 0.604 0.041556 0.0952843
2 0.37813 0.260539 0.19527 0.108892
3 0.021743 0.605044 0.043486 0.100582
0 0.642029 0.563825 0.209497 0.120442
1 0.135092 0.390388 0.192763 0.10939
0 0.43809 0.644984 0.205704 0.114704
1 0.640493 0.563214 0.211184 0.120045
0 0.555234 0.435852 0.162258 0.0908897
1 0.559638 0.435258 0.148165 0.0871209
0 0.431199 0.039996 0.32898 0.079992
3 0.849691 0.369845 0.217089 0.123351
3 0.140607 0.388735 0.209547 0.128212
0 0.393768 0.764042 0.216122 0.116844
2 0.361726 0.149104 0.203108 0.114892
1 0.851022 0.369238 0.221528 0.123131
4 0.851022 0.369238 0.221528 0.123131
3 0.642029 0.563825 0.209497 0.120442
4 0.13791 0.390988 0.212627 0.126945
4 0.640493 0.563214 0.211184 0.120045
4 0.379232 0.259145 0.19282 0.1112
3 0.215803 0.642783 0.187842 0.106701
3 0.443118 0.64465 0.201341 0.114489
4 0.361726 0.149104 0.203108 0.114892
0 0.0276434 0.601594 0.0552867 0.107854
3 0.555234 0.435852 0.162258 0.0908897
1 0.439989 0.64656 0.179641 0.102358
4 0.215795 0.643281 0.185695 0.10734
3 0.37813 0.260539 0.19527 0.108892
0 0.0208854 0.60457 0.0417708 0.100773
4 0.38387 0.762151 0.176519 0.0937218
1 0.67551 0.784007 0.267948 0.317091
2 0.433607 0.54016 0.155087 0.131619
4 0.381918 0.905071 0.289762 0.189859
4 0.428612 0.644339 0.20492 0.113908
4 0.555245 0.435409 0.162878 0.0919139
1 0.216067 0.643425 0.187086 0.107891
3 0.360742 0.149208 0.202933 0.111309
1 0.37871 0.259254 0.193451 0.109968
2 0.0208854 0.60457 0.0417708 0.100773
0 0.433607 0.54016 0.155087 0.131619
1 0.0276434 0.601594 0.0552867 0.107854
1 0.386046 0.763195 0.202734 0.104839
1 0.648546 0.628007 0.224407 0.249371
1 0.361726 0.149104 0.203108 0.114892
1 0.665443 0.94909 0.261871 0.101821
