2 0.780133 0.650246 0.283836 0.154664
0 0.162916 0.773744 0.252754 0.130023
2 0.488928 0.768931 0.271323 0.136183
2 0.65022 0.472382 0.219469 0.114381
4 0.42243 0.927264 0.281247 0.129183
0 0.469855 0.262135 0.270617 0.147633
0 0.152568 0.138014 0.293921 0.153987
0 0.0807573 0.419527 0.153654 0.160669
0 0.962017 0.367667 0.075967 0.146012
2 0.962514 0.367762 0.0749711 0.147509
0 0.650645 0.470988 0.221073 0.114429
1 0.0773428 0.424262 0.15212 0.153808
0 0.539946 0.0635078 0.275565 0.116428
1 0.647656 0.470435 0.207182 0.103251
2 0.0802794 0.42216 0.157146 0.148296
1 0.821887 0.984377 0.356227 0.0312464
0 0.780133 0.650246 0.283836 0.154664
0 0.489996 0.770292 0.27237 0.13754
3 0.494683 0.769304 0.266171 0.136592
1 0.820415 0.989705 0.35917 0.0205893
0 0.829546 0.979993 0.333799 0.0400136
2 0.15424 0.138891 0.296589 0.155386
1 0.813389 0.978156 0.373221 0.0431222
1 0.845625 0.981073 0.272737 0.0378538
0 0.426708 0.928025 0.279425 0.124055
1 0.962514 0.367762 0.0749711 0.147509
3 0.962514 0.367762 0.0749711 0.147509
4 0.962514 0.367762 0.0749711 0.147509
2 0.163048 0.774029 0.256174 0.131369
4 0.15424 0.138891 0.296589 0.155386
1 0.154601 0.138285 0.288287 0.158877
1 0.487651 0.770346 0.283315 0.139744
4 0.489841 0.77028 0.281499 0.140414
3 0.649718 0.472657 0.226173 0.121583
0 0.961203 0.369245 0.0775932 0.150867
2 0.467556 0.264764 0.274109 0.148289
2 0.426708 0.928025 0.279425 0.124055
4 0.649718 0.472657 0.226173 0.121583
3 0.781945 0.652702 0.287722 0.157509
2 0.648464 0.468578 0.185914 0.0916144
1 0.841914 0.973874 0.316172 0.0522528
4 0.467556 0.264764 0.274109 0.148289
2 0.773363 0.653961 0.230706 0.11183
4 0.781945 0.652702 0.287722 0.157509
1 0.469855 0.262135 0.270617 0.147633
4 0.424468 0.93364 0.243602 0.0986947
4 0.0807522 0.420831 0.154496 0.155453
4 0.162804 0.77465 0.253963 0.129997
2 0.477355 0.777035 0.240383 0.104487
3 0.0802794 0.42216 0.157146 0.148296
0 0.477355 0.777035 0.240383 0.104487
1 0.428659 0.927802 0.286238 0.13021
2 0.7613 0.584694 0.322708 0.309278
1 0.781945 0.652702 0.287722 0.157509
0 0.504727 0.0946657 0.306441 0.179557
4 0.82474 0.979587 0.327064 0.0408264
3 0.15424 0.138891 0.296589 0.155386
3 0.426708 0.928025 0.279425 0.124055
2 0.0812868 0 0.162574 0
0 0.971418 0.366761 0.0569986 0.12422
0 0.648464 0.468578 0.185914 0.0916144
