0 0.65649 0.654695 0.192817 0.329286
0 0.518028 0.198376 0.188683 0.301535
0 0.430353 0.664463 0.18989 0.343127
0 0.199685 0.170151 0.197734 0.298011
3 0.4295 0.668758 0.19231 0.332144
2 0.199541 0.170197 0.199297 0.289793
2 0.429243 0.661099 0.186068 0.341983
2 0.518124 0.200184 0.190956 0.30302
1 0.428517 0.660358 0.185791 0.341163
3 0.199541 0.170197 0.199297 0.289793
2 0.659112 0.659717 0.193727 0.316267
3 0.517431 0.196614 0.188754 0.29274
1 0.198707 0.170436 0.198822 0.297304
4 0.428517 0.660358 0.185791 0.341163
4 0.518124 0.200184 0.190956 0.30302
0 0.196229 0.165307 0.162863 0.251669
0 0.517012 0.200927 0.15317 0.25551
3 0.659112 0.659717 0.193727 0.316267
4 0.19987 0.165082 0.193143 0.293245
1 0.656981 0.649788 0.188016 0.329412
1 0.519286 0.204241 0.189729 0.312583
4 0.656981 0.649788 0.188016 0.329412
0 0.651514 0.631387 0.152709 0.241815
