0 0.578838 0.699451 0.234987 0.441038
0 0.625281 0.192033 0.197621 0.337839
0 0.275977 0.310356 0.206048 0.368674
2 0.273804 0.316452 0.201301 0.356717
2 0.57977 0.698241 0.233235 0.441273
1 0.579498 0.702086 0.235393 0.445818
2 0.628311 0.195298 0.193751 0.320629
4 0.577616 0.700396 0.238198 0.440745
1 0.625317 0.191736 0.195186 0.347572
0 0.158353 0.656697 0.0527693 0.123407
4 0.160453 0.65808 0.0507484 0.109839
4 0.277482 0.312831 0.209039 0.370458
3 0.276353 0.311642 0.207898 0.370195
2 0.262884 0.429704 0.165341 0.146117
3 0.579268 0.7023 0.236311 0.441257
1 0.276622 0.310465 0.203935 0.368209
3 0.157023 0.659824 0.0443674 0.0931786
2 0.157023 0.659824 0.0443674 0.0931786
3 0.625317 0.191736 0.195186 0.347572
