2 0.611623 0.607933 0.462958 0.273878
4 0.237812 0.349302 0.417971 0.227337
0 0.72148 0.173835 0.385794 0.214551
2 0.721919 0.173243 0.380636 0.212058
0 0.237744 0.351066 0.411772 0.218439
2 0.237744 0.351066 0.411772 0.218439
4 0.721919 0.173243 0.380636 0.212058
1 0.237744 0.351066 0.411772 0.218439
3 0.237744 0.351066 0.411772 0.218439
0 0.609989 0.60702 0.460643 0.269441
3 0.612659 0.608478 0.473028 0.268948
4 0.61216 0.609137 0.47468 0.271898
3 0.721919 0.173243 0.380636 0.212058
1 0.721919 0.173243 0.380636 0.212058
1 0.612659 0.608478 0.473028 0.268948
