2 0.593619 0.653324 0.22131 0.121555
4 0.776409 0.921906 0.242863 0.120055
2 0.66178 0.501195 0.228593 0.123517
0 0.346548 0.44991 0.240718 0.124631
0 0.270142 0.8764 0.232693 0.117919
0 0.662565 0.499036 0.230164 0.123915
2 0.268392 0.877242 0.236815 0.120286
1 0.265147 0.87729 0.21847 0.111352
2 0.347436 0.451988 0.240705 0.123657
1 0.663644 0.499333 0.2178 0.118925
3 0.267406 0.874578 0.228797 0.11424
1 0.593287 0.649236 0.205509 0.112994
3 0.658914 0.501457 0.238795 0.124466
0 0.593287 0.649236 0.205509 0.112994
3 0.593287 0.649236 0.205509 0.112994
1 0.342385 0.448087 0.232156 0.120953
4 0.75742 0.797716 0.307766 0.247483
4 0.658914 0.501457 0.238795 0.124466
0 0.345585 0.37 0.338822 0.277164
4 0.594857 0.654156 0.22625 0.122965
4 0.269288 0.877173 0.236092 0.119934
4 0.343784 0.447753 0.234565 0.119019
4 0.81875 0.92256 0.349604 0.144087
