0 0.29353 0.802604 0.182711 0.349295
0 0.590941 0.67771 0.195726 0.346984
3 0.187724 0.32843 0.15778 0.28862
0 0.442213 0.222416 0.21051 0.385278
1 0.443414 0.225142 0.209666 0.387816
2 0.442811 0.223428 0.210535 0.384108
2 0.18809 0.329279 0.157183 0.292822
0 0.872202 0.477421 0.227784 0.954843
4 0.443558 0.226015 0.208731 0.384562
3 0.442213 0.222416 0.21051 0.385278
2 0.591722 0.681321 0.192541 0.333376
4 0.188626 0.326423 0.155644 0.290643
1 0.188626 0.326423 0.155644 0.290643
2 0.293018 0.805001 0.182427 0.328317
0 0.729922 0.482036 0.521532 0.964072
0 0.183646 0.328516 0.155145 0.2765
1 0.294684 0.799614 0.183478 0.347936
3 0.294684 0.799614 0.183478 0.347936
3 0.591722 0.681321 0.192541 0.333376
3 0.136189 0.323909 0.272379 0.346813
4 0.294684 0.799614 0.183478 0.347936
1 0.590426 0.677702 0.193696 0.348137
2 0.136189 0.323909 0.272379 0.346813
4 0.590426 0.677702 0.193696 0.348137
0 0.288749 0.846896 0.166787 0.276378
0 0.885791 0.685654 0.20522 0.628691
