0 0.626907 0.146825 0.198502 0.293649
0 0.578868 0.621919 0.238913 0.441871
0 0.282686 0.236315 0.201958 0.360437
2 0.284049 0.237187 0.204415 0.361102
2 0.577907 0.61918 0.240383 0.433108
2 0.629034 0.141749 0.200265 0.283023
4 0.577788 0.621054 0.242054 0.440277
4 0.284049 0.237187 0.204415 0.361102
2 0.269818 0.35314 0.164826 0.140765
1 0.577788 0.621054 0.242054 0.440277
3 0.281272 0.23517 0.201897 0.362081
0 0.156414 0.58613 0.0391665 0.0832868
3 0.577788 0.621054 0.242054 0.440277
2 0.27124 0.280292 0.166147 0.287588
1 0.281272 0.23517 0.201897 0.362081
0 0.160006 0.582811 0.0483622 0.104402
4 0.628061 0.136903 0.196415 0.272026
3 0.157029 0.58409 0.0402757 0.0891335
1 0.0524466 0.791919 0.0933503 0.212894
