0 0.250443 0.770476 0.182848 0.31308
0 0.514886 0.685404 0.173214 0.328019
2 0.450459 0.228283 0.18687 0.323953
2 0.115207 0.341885 0.144343 0.253307
3 0.117511 0.346964 0.149366 0.270919
2 0.516517 0.678932 0.171243 0.319851
0 0.448053 0.226486 0.186093 0.345374
2 0.251915 0.768741 0.182493 0.310006
0 0.115207 0.341885 0.144343 0.253307
3 0.450459 0.228283 0.18687 0.323953
2 0.125228 0.310027 0.120489 0.214351
3 0.516517 0.678932 0.171243 0.319851
3 0.125228 0.310027 0.120489 0.214351
4 0.448594 0.224944 0.188408 0.350591
0 0.250958 0.74921 0.149953 0.264326
2 0.110126 0.346544 0.120355 0.199573
1 0.514886 0.685404 0.173214 0.328019
0 0.110126 0.346544 0.120355 0.199573
0 0.844764 0.487615 0.279063 0.965261
3 0.251915 0.768741 0.182493 0.310006
4 0.115207 0.341885 0.144343 0.253307
4 0.51561 0.683113 0.1731 0.323496
1 0.450459 0.228283 0.18687 0.323953
1 0.11833 0.346848 0.149441 0.272791
4 0.250214 0.771478 0.181746 0.321485
0 0.775548 0.485043 0.425839 0.959589
1 0.250214 0.771478 0.181746 0.321485
