0 0.242531 0.769249 0.179779 0.343788
0 0.539123 0.651894 0.19066 0.338738
3 0.136983 0.292825 0.163105 0.306621
3 0.396816 0.200258 0.210122 0.371848
0 0.794925 0.486593 0.378022 0.968621
2 0.134193 0.289443 0.161054 0.292897
2 0.397068 0.200948 0.210659 0.372377
0 0.398433 0.199403 0.211545 0.373396
2 0.537621 0.655886 0.194429 0.326491
1 0.398433 0.199403 0.211545 0.373396
2 0.242359 0.771288 0.182918 0.326795
1 0.135342 0.290697 0.162355 0.301799
0 0.664293 0.481975 0.646705 0.96395
0 0.134193 0.289443 0.161054 0.292897
4 0.135342 0.290697 0.162355 0.301799
3 0.537621 0.655886 0.194429 0.326491
4 0.396443 0.205024 0.212307 0.373783
1 0.540071 0.649904 0.190661 0.337097
4 0.540071 0.649904 0.190661 0.337097
3 0.242988 0.769361 0.179498 0.346258
1 0.242988 0.769361 0.179498 0.346258
3 0.137845 0.240757 0.147044 0.198843
4 0.242988 0.769361 0.179498 0.346258
4 0.721135 0.481461 0.527316 0.962921
2 0.137845 0.240757 0.147044 0.198843
