0 0.227386 0.360883 0.319695 0.147124
0 0.341753 0.699927 0.336447 0.157127
0 0.774475 0.325744 0.335828 0.152527
2 0.23149 0.363021 0.309926 0.144216
2 0.344438 0.702563 0.336457 0.155152
2 0.774419 0.324141 0.33359 0.155141
3 0.23149 0.363021 0.309926 0.144216
4 0.228147 0.362924 0.304064 0.141585
1 0.772122 0.325087 0.342899 0.15548
1 0.228147 0.362924 0.304064 0.141585
4 0.342088 0.699468 0.333886 0.155998
1 0.338585 0.701182 0.325175 0.15201
4 0.772306 0.326485 0.331311 0.150168
0 0.709809 0.326211 0.222222 0.114266
3 0.344438 0.702563 0.336457 0.155152
