0 0.259442 0.513356 0.305935 0.138861
4 0.807005 0.39656 0.368035 0.162045
2 0.787215 0.783619 0.358598 0.177986
0 0.393155 0.199789 0.318246 0.148687
2 0.394777 0.202302 0.323873 0.151744
0 0.786944 0.781844 0.369743 0.176138
2 0.259814 0.515581 0.303664 0.135438
3 0.787215 0.783619 0.358598 0.177986
3 0.394777 0.202302 0.323873 0.151744
2 0.355996 0.194345 0.25106 0.101661
4 0.791171 0.781583 0.376471 0.176083
1 0.261323 0.514338 0.304934 0.139102
4 0.393013 0.198873 0.328413 0.148418
1 0.790211 0.781177 0.379123 0.17457
4 0.258761 0.515419 0.307243 0.138223
1 0.806186 0.396245 0.368865 0.16246
0 0.811495 0.397431 0.365159 0.163589
0 0.355996 0.194345 0.25106 0.101661
3 0.805971 0.397006 0.372831 0.159975
1 0.394777 0.202302 0.323873 0.151744
2 0.785212 0.775688 0.325832 0.119696
4 0.810696 0.527198 0.378609 0.3207
0 0.220154 0.515835 0.227496 0.107969
3 0.261673 0.51505 0.305965 0.138419
