1 0.340985 0.650255 0.210572 0.508115
0 0.579604 0.514141 0.157641 0.372205
2 0.339507 0.652399 0.201553 0.49793
2 0.581016 0.523881 0.156797 0.353292
0 0.338627 0.653166 0.211395 0.495684
0 0.589773 0.495647 0.131716 0.290896
2 0.359121 0.623469 0.163753 0.41181
4 0.578817 0.515882 0.15913 0.36863
3 0.339507 0.652399 0.201553 0.49793
4 0.338627 0.653166 0.211395 0.495684
1 0.58067 0.519395 0.155327 0.383687
3 0.581016 0.523881 0.156797 0.353292
0 0.800913 0.494149 0.366637 0.942833
0 0.804452 0.428959 0.365536 0.663395
1 0.378052 0.629241 0.132483 0.406786
