4 0.763466 0.534487 0.37303 0.154505
0 0.232509 0.554393 0.305218 0.128534
2 0.488407 0.297463 0.354464 0.147883
2 0.23936 0.554865 0.297716 0.12989
0 0.48876 0.298177 0.358601 0.150325
0 0.765336 0.533298 0.374683 0.150906
1 0.763674 0.534566 0.374117 0.156297
4 0.489731 0.298831 0.360055 0.149113
3 0.765476 0.534996 0.379615 0.155146
1 0.489381 0.299041 0.3612 0.150839
0 0.21664 0.557129 0.258937 0.0937665
3 0.489731 0.298831 0.360055 0.149113
3 0.233728 0.555135 0.307282 0.129605
2 0.763674 0.534566 0.374117 0.156297
4 0.233728 0.555135 0.307282 0.129605
1 0.233728 0.555135 0.307282 0.129605
2 0.446347 0.304811 0.269593 0.115857
0 0.234465 0.530927 0.31606 0.178086
