2 0.438893 0.285578 0.147955 0.304749
2 0.278288 0.680425 0.159314 0.401128
2 0.525672 0.699424 0.181378 0.405484
0 0.525298 0.702985 0.178523 0.404987
0 0.27652 0.680241 0.154899 0.37718
1 0.279407 0.677658 0.155347 0.401511
3 0.280677 0.684677 0.160236 0.38268
3 0.526348 0.699594 0.17919 0.410532
2 0.4415 0.238259 0.129861 0.258926
2 0.43976 0.203783 0.121049 0.188465
1 0.52561 0.703672 0.180209 0.402001
0 0.439604 0.285465 0.148054 0.30302
4 0.279163 0.682538 0.15723 0.40053
4 0.52561 0.703672 0.180209 0.402001
3 0.439604 0.285465 0.148054 0.30302
2 0.282546 0.746803 0.147895 0.287146
1 0.439137 0.277491 0.142579 0.334423
3 0.43976 0.203783 0.121049 0.188465
2 0.27739 0.6226 0.138271 0.284739
0 0.872278 0.270687 0.225446 0.527167
0 0.538288 0.736834 0.10886 0.341349
4 0.438738 0.277951 0.143419 0.335363
3 0.4415 0.238259 0.129861 0.258926
2 0.442429 0.452312 0.215667 0.669228
0 0.282546 0.746803 0.147895 0.287146
