0 0.296981 0.53225 0.139697 0.339583
0 0.526153 0.482737 0.146029 0.308949
0 0.372744 0.177184 0.13977 0.274437
2 0.296198 0.535291 0.145997 0.327731
2 0.373046 0.184044 0.142767 0.284571
0 0.305977 0.524593 0.109058 0.299224
2 0.526153 0.482737 0.146029 0.308949
0 0.370761 0.178931 0.118328 0.216299
0 0.528542 0.46444 0.119795 0.259122
4 0.374411 0.181148 0.14186 0.284897
1 0.375001 0.175816 0.137026 0.292075
1 0.297544 0.537373 0.148317 0.34311
0 0.345079 0.518284 0.216012 0.344764
3 0.296198 0.535291 0.145997 0.327731
4 0.297544 0.537373 0.148317 0.34311
0 0.263472 0.574111 0.203724 0.426204
4 0.5292 0.47798 0.136692 0.306424
0 0.217381 0.223567 0.434763 0.416035
