4 0.0867062 0.277125 0.173412 0.131221
0 0.634676 0.333749 0.330127 0.152027
2 0.0748225 0.674715 0.145341 0.152718
1 0.573721 0.642203 0.384487 0.157052
0 0.568776 0.641814 0.393037 0.15962
2 0.632834 0.332558 0.331546 0.152251
0 0.0765061 0.676752 0.149967 0.157844
2 0.568776 0.641814 0.393037 0.15962
1 0.0744677 0.681781 0.145792 0.15619
4 0.632834 0.332558 0.331546 0.152251
4 0.0765061 0.676752 0.149967 0.157844
4 0.571004 0.642248 0.393001 0.164163
3 0.632735 0.333428 0.33175 0.152209
0 0.0883137 0.279963 0.173749 0.132944
1 0.0846135 0.277512 0.169227 0.118638
3 0.0769417 0.676544 0.15362 0.151809
1 0.632327 0.332316 0.332237 0.150301
3 0.571004 0.642248 0.393001 0.164163
2 0.571143 0.332321 0.210722 0.103243
2 0.0883137 0.279963 0.173749 0.132944
