0 0.103692 0.715362 0.2069 0.136596
0 0.662718 0.438157 0.300121 0.135883
0 0.161109 0.402553 0.306461 0.133297
2 0.1628 0.402011 0.309724 0.132543
2 0.105985 0.718104 0.205609 0.129103
2 0.662066 0.440357 0.302747 0.135231
1 0.159941 0.401223 0.305502 0.133245
4 0.105383 0.716191 0.205375 0.130399
4 0.163048 0.401078 0.300973 0.129581
3 0.105985 0.718104 0.205609 0.129103
0 0.146403 0.40614 0.260846 0.106409
0 0.140903 0.39878 0.20141 0.10177
3 0.1628 0.402011 0.309724 0.132543
4 0.662066 0.440357 0.302747 0.135231
0 0.157282 0.52265 0.314361 0.33871
0 0.66334 0.47412 0.313724 0.205576
1 0.106701 0.716118 0.20834 0.139563
0 0.129053 0.628318 0.258105 0.310606
