0 0.444207 0.177524 0.301282 0.132726
0 0.288219 0.573949 0.29898 0.130764
4 0.81393 0.439199 0.350097 0.142393
0 0.813231 0.441788 0.353617 0.143214
2 0.288814 0.575511 0.301183 0.13199
0 0.907154 0.749873 0.174562 0.18956
2 0.449141 0.177508 0.297801 0.135532
2 0.815509 0.441007 0.353378 0.143522
0 0.274908 0.577315 0.247891 0.105961
1 0.813231 0.441788 0.353617 0.143214
0 0.414528 0.180019 0.248512 0.10321
3 0.815509 0.441007 0.353378 0.143522
1 0.287612 0.572755 0.295883 0.126501
4 0.444474 0.18056 0.305004 0.131202
1 0.444188 0.179193 0.308722 0.135402
4 0.289423 0.574915 0.299779 0.129243
