0 0.310875 0.433421 0.365048 0.158207
2 0.807601 0.833817 0.369735 0.235238
0 0.61431 0.0995676 0.357767 0.150587
4 0.912981 0.341166 0.173712 0.162916
2 0.612288 0.0964758 0.363375 0.153607
0 0.810392 0.833154 0.365549 0.245154
0 0.911854 0.338664 0.176292 0.169922
2 0.312464 0.430177 0.363897 0.155008
3 0.808619 0.834561 0.370842 0.246288
4 0.808619 0.834561 0.370842 0.246288
4 0.613528 0.096534 0.366637 0.156399
4 0.310875 0.433421 0.365048 0.158207
1 0.312236 0.430854 0.35397 0.152604
4 0.932857 0.339979 0.134122 0.126749
1 0.807032 0.834479 0.378778 0.242476
1 0.616488 0.0967298 0.375651 0.156545
3 0.617938 0.102291 0.364555 0.151739
0 0.233816 0.431858 0.209597 0.105259
2 0.911854 0.338664 0.176292 0.169922
2 0.587863 0.0933506 0.285185 0.104155
1 0.911854 0.338664 0.176292 0.169922
0 0.309191 0.436685 0.329541 0.120723
3 0.911854 0.338664 0.176292 0.169922
1 0.927525 0.347709 0.144518 0.137506
2 0.532964 0.102582 0.204912 0.121544
3 0.312464 0.430177 0.363897 0.155008
0 0.622218 0.0845132 0.385286 0.169026
