1 0.765962 0.619938 0.428245 0.186837
4 0.119477 0.18819 0.236113 0.141678
2 0.226366 0.425224 0.379699 0.159709
2 0.658015 0.327879 0.32616 0.141322
0 0.222086 0.424188 0.380789 0.160246
0 0.655991 0.327808 0.338658 0.143351
0 0.116645 0.190065 0.23304 0.13978
1 0.640836 0.613886 0.139835 0.155622
1 0.827594 0.624396 0.26639 0.164764
4 0.222384 0.427261 0.385115 0.162917
4 0.65607 0.327737 0.334738 0.143847
1 0.222086 0.424188 0.380789 0.160246
0 0.593099 0.333572 0.212028 0.121805
2 0.593099 0.333572 0.212028 0.121805
3 0.660636 0.331554 0.334335 0.143257
3 0.223214 0.424277 0.379623 0.158947
1 0.118784 0.189 0.237569 0.143348
1 0.653199 0.327603 0.337349 0.14369
2 0.121116 0.190545 0.239055 0.141873
0 0.76651 0.622068 0.434152 0.182397
3 0.115079 0.1889 0.230127 0.137512
0 0.636909 0.325334 0.269081 0.120424
