0 0.431407 0.471354 0.182229 0.394227
2 0.745604 0.966798 0.122342 0.0657181
2 0.436257 0.46005 0.169316 0.366378
1 0.745604 0.966798 0.122342 0.0657181
3 0.745604 0.966798 0.122342 0.0657181
0 0.745189 0.96327 0.123024 0.0713694
1 0.432768 0.474318 0.183199 0.392313
3 0.436257 0.46005 0.169316 0.366378
2 0.744313 0.972585 0.110655 0.0495443
0 0.746307 0.968632 0.108306 0.0532951
4 0.745291 0.964307 0.122631 0.0707132
4 0.431407 0.471354 0.182229 0.394227
1 0.796878 0.975742 0.234988 0.048517
1 0.763126 0.96842 0.16004 0.0631602
0 0.16962 0.54054 0.310709 0.918919
