2 0.492639 0.609392 0.184093 0.137304
2 0.613836 0.447326 0.15717 0.111026
0 0.672755 0.559161 0.14764 0.115417
2 0.672083 0.558038 0.146143 0.113623
2 0.295886 0.686305 0.182129 0.139743
3 0.297936 0.687503 0.180714 0.141559
2 0.391244 0.486943 0.164944 0.120472
3 0.390897 0.487749 0.164402 0.120179
0 0.295309 0.686687 0.181325 0.13817
1 0.392475 0.488091 0.154496 0.109431
3 0.612972 0.447307 0.158339 0.112363
3 0.4918 0.609717 0.183347 0.139008
0 0.391941 0.487405 0.164848 0.121621
0 0.613316 0.44702 0.160168 0.11307
3 0.672755 0.559161 0.14764 0.115417
0 0.494316 0.611975 0.183316 0.131746
1 0.614331 0.447938 0.153297 0.107693
4 0.295574 0.686945 0.180644 0.137967
1 0.295864 0.687157 0.181918 0.139833
4 0.494316 0.611975 0.183316 0.131746
1 0.493399 0.610052 0.165332 0.122866
1 0.67215 0.559396 0.13869 0.101046
1 0.0845672 0.155523 0.169134 0.141622
4 0.391977 0.487999 0.164561 0.121815
2 0.494559 0.607878 0.154838 0.112257
4 0.672755 0.559161 0.14764 0.115417
4 0.61352 0.447981 0.159377 0.114624
2 0.101749 0 0.203499 0
1 0.116414 0 0.232829 0
3 0.494559 0.607878 0.154838 0.112257
