0 0.53934 0.691961 0.163372 0.38284
2 0.428935 0.247854 0.129997 0.31524
0 0.271343 0.648382 0.151216 0.38027
2 0.271912 0.650775 0.141958 0.359775
2 0.54438 0.699342 0.157429 0.345557
1 0.272719 0.644732 0.145748 0.385204
0 0.429512 0.254237 0.131003 0.297794
3 0.429512 0.254237 0.131003 0.297794
1 0.427744 0.247201 0.132812 0.317543
3 0.271936 0.641497 0.142187 0.384374
3 0.54438 0.699342 0.157429 0.345557
4 0.27305 0.649222 0.153238 0.383023
1 0.541497 0.696358 0.159949 0.380923
4 0.537598 0.689901 0.166037 0.37714
4 0.429476 0.248495 0.128453 0.314993
0 0.887177 0.193847 0.204579 0.365263
2 0.262732 0.712936 0.0742085 0.197734
2 0.265578 0.599546 0.128221 0.292248
0 0.544372 0.732816 0.100731 0.321275
3 0.262732 0.712936 0.0742085 0.197734
2 0.268978 0.547724 0.12647 0.196252
0 0.26098 0.711844 0.0782055 0.196877
