4 0.77219 0.566552 0.369527 0.160096
2 0.238759 0.587886 0.313769 0.136185
0 0.483172 0.339956 0.345156 0.134353
0 0.244197 0.587629 0.311471 0.133624
2 0.490058 0.340817 0.346993 0.145542
0 0.772134 0.565385 0.361293 0.154935
4 0.485463 0.340882 0.352529 0.14003
4 0.236786 0.58874 0.317457 0.138517
1 0.485957 0.339997 0.354297 0.141329
1 0.77199 0.566409 0.371028 0.158034
3 0.486343 0.340522 0.354763 0.140815
1 0.234376 0.589033 0.322977 0.136847
2 0.212394 0.586557 0.257652 0.10686
0 0.172829 0.869911 0.324573 0.260178
4 0.255987 0.523929 0.38022 0.277579
3 0.238423 0.58848 0.315347 0.136198
3 0.771387 0.566251 0.358129 0.154865
0 0.446358 0.342841 0.260139 0.112058
2 0.772134 0.565385 0.361293 0.154935
0 0.255987 0.523929 0.38022 0.277579
0 0.228788 0.434507 0.354914 0.458128
2 0.255987 0.523929 0.38022 0.277579
