0 0.653318 0.562672 0.238012 0.174917
2 0.292456 0.527235 0.239057 0.177891
2 0.654301 0.561988 0.235793 0.175874
0 0.294101 0.527202 0.23807 0.176652
1 0.924301 0.0702565 0.134034 0.139076
3 0.654301 0.561988 0.235793 0.175874
0 0.923372 0.0725136 0.131679 0.13271
3 0.292975 0.526888 0.238651 0.179951
0 0.295189 0.52541 0.190056 0.150808
2 0.922754 0.0724948 0.131319 0.133709
2 0.507651 0.082977 0.163627 0.118297
4 0.294101 0.527202 0.23807 0.176652
0 0.508407 0.0824396 0.165092 0.120339
2 0.295189 0.52541 0.190056 0.150808
4 0.653318 0.562672 0.238012 0.174917
1 0.29419 0.527728 0.240916 0.180274
1 0.652769 0.562516 0.235363 0.174426
3 0.922754 0.0724948 0.131319 0.133709
4 0.922754 0.0724948 0.131319 0.133709
