0 0.143832 0.374869 0.229924 0.104107
0 0.502693 0.603991 0.228034 0.105667
0 0.871899 0.444117 0.231489 0.100821
2 0.586685 0.284974 0.22384 0.102555
3 0.467012 0.421074 0.250728 0.113637
0 0.58905 0.286548 0.224809 0.102339
0 0.465599 0.419682 0.253203 0.115295
2 0.467012 0.421074 0.250728 0.113637
2 0.143961 0.375183 0.233802 0.105317
4 0.467946 0.420515 0.254909 0.11607
2 0.873314 0.443963 0.233381 0.10178
2 0.504799 0.603872 0.230066 0.10698
1 0.465133 0.41977 0.216283 0.0997062
3 0.589388 0.286281 0.225822 0.102947
1 0.588032 0.285274 0.228448 0.105701
1 0.140657 0.375589 0.215148 0.0924182
3 0.14263 0.375281 0.232564 0.102729
4 0.46379 0.418989 0.207637 0.0989177
4 0.142959 0.375406 0.233658 0.106983
3 0.503925 0.604428 0.229429 0.104274
4 0.50197 0.605228 0.233335 0.108471
0 0.498032 0.608698 0.195103 0.0857189
0 0.185171 0.230801 0.341567 0.388348
4 0.588032 0.285274 0.228448 0.105701
2 0.46245 0.419205 0.197503 0.0978752
3 0.873407 0.444263 0.236893 0.100268
4 0.873953 0.443993 0.235317 0.101741
1 0.454624 0.40611 0.274485 0.125559
3 0.46245 0.419205 0.197503 0.0978752
0 0.852204 0.266079 0.295592 0.456352
