0 0.615813 0.531518 0.223096 0.297602
3 0.616753 0.532819 0.22405 0.292961
2 0.616753 0.532819 0.22405 0.292961
0 0.0634992 0.111858 0.116012 0.223716
2 0.0652693 0.113738 0.120277 0.227476
1 0.0652693 0.113738 0.120277 0.227476
2 0.0651414 0.169061 0.12436 0.338122
4 0.0652693 0.113738 0.120277 0.227476
2 0.0744979 0.363544 0.142539 0.248668
3 0.0652693 0.113738 0.120277 0.227476
2 0.0682755 0.268914 0.134556 0.537827
2 0.0793244 0.713833 0.145454 0.407762
0 0.762749 0.44 0.447335 0.757679
0 0.591515 0.332804 0.76787 0.660517
4 0.067787 0.361009 0.127906 0.236804
3 0.067787 0.361009 0.127906 0.236804
0 0.067787 0.361009 0.127906 0.236804
