1 0.793285 0.550329 0.395268 0.167857
4 0.269717 0.249694 0.324253 0.131685
2 0.221733 0.591278 0.3722 0.160931
0 0.814604 0.275724 0.304678 0.141497
1 0.830293 0.553044 0.276141 0.158583
2 0.819657 0.277718 0.303877 0.141647
0 0.273277 0.248258 0.316076 0.130928
4 0.81528 0.276409 0.313466 0.141372
4 0.222697 0.590121 0.370476 0.158724
1 0.814356 0.276301 0.316681 0.141392
0 0.222851 0.588687 0.368019 0.155738
4 0.0258055 0.100853 0.051611 0.0764527
1 0.222697 0.590121 0.370476 0.158724
3 0.819657 0.277718 0.303877 0.141647
1 0.27179 0.246549 0.318579 0.128272
4 0.23035 0.5328 0.391367 0.307892
0 0.774768 0.279506 0.231439 0.114977
3 0.222851 0.588687 0.368019 0.155738
0 0.0258055 0.100853 0.051611 0.0764527
1 0.752474 0.570748 0.270037 0.118017
2 0.27179 0.246549 0.318579 0.128272
2 0.23035 0.5328 0.391367 0.307892
3 0.27179 0.246549 0.318579 0.128272
0 0.793251 0.550919 0.389537 0.165181
0 0.0537934 0.707035 0.0948462 0.153628
2 0.194154 0.592221 0.290867 0.126275
4 0.268675 0.24331 0.267033 0.104337
