0 0.30711 0.539231 0.279836 0.128628
4 0.827684 0.429775 0.340655 0.158754
0 0.438109 0.242688 0.286943 0.133876
0 0.799842 0.799376 0.341222 0.166205
2 0.802034 0.804376 0.336651 0.161357
2 0.437346 0.245473 0.290095 0.131619
0 0.828276 0.42847 0.34136 0.158141
2 0.309289 0.53826 0.272228 0.127249
3 0.799885 0.799287 0.342916 0.166393
0 0.40344 0.244886 0.229837 0.107287
3 0.438429 0.244722 0.292809 0.133812
4 0.799885 0.799287 0.342916 0.166393
1 0.825999 0.429749 0.347672 0.15829
1 0.799236 0.798482 0.342474 0.168549
2 0.40344 0.244886 0.229837 0.107287
1 0.305163 0.539184 0.279534 0.129613
0 0.287314 0.542363 0.242927 0.104364
4 0.43907 0.245086 0.302831 0.138342
4 0.306747 0.53895 0.283056 0.129637
4 0.823143 0.399415 0.353715 0.210475
1 0.43907 0.245086 0.302831 0.138342
