0 0.230615 0.354372 0.324197 0.146943
0 0.792081 0.31114 0.355435 0.161579
0 0.352249 0.701498 0.33655 0.158752
2 0.35387 0.704904 0.336483 0.154158
2 0.235658 0.357655 0.315257 0.144815
2 0.79422 0.31067 0.347777 0.160698
0 0.783432 0.311608 0.306773 0.128205
4 0.234852 0.357327 0.316424 0.145757
1 0.786242 0.312739 0.35207 0.158395
4 0.786224 0.310887 0.331004 0.152116
3 0.35387 0.704904 0.336483 0.154158
3 0.236491 0.356168 0.312972 0.146276
1 0.352921 0.701873 0.341289 0.157736
1 0.230169 0.353986 0.320196 0.147559
4 0.350476 0.702323 0.33053 0.155524
0 0.232414 0.349639 0.283504 0.10888
