1 0.384734 0.605794 0.262794 0.203957
2 0.691077 0.445433 0.226626 0.173754
2 0.653406 0.620312 0.222364 0.172807
2 0.35554 0.364477 0.220435 0.161814
3 0.65554 0.620694 0.219287 0.172439
0 0.355581 0.365636 0.220175 0.160915
0 0.653739 0.620688 0.22363 0.172924
3 0.355682 0.365092 0.219316 0.160083
1 0.355339 0.364012 0.21838 0.160799
1 0.692796 0.442693 0.207581 0.145083
4 0.355682 0.365092 0.219316 0.160083
2 0.651113 0.611104 0.178079 0.120657
3 0.691603 0.445185 0.226696 0.174123
0 0.692082 0.445965 0.226071 0.174627
4 0.691603 0.445185 0.226696 0.174123
1 0.655981 0.622101 0.191681 0.148663
4 0.653739 0.620688 0.22363 0.172924
2 0.691851 0.441943 0.20612 0.125084
3 0.382915 0.606069 0.261978 0.20086
3 0.651113 0.611104 0.178079 0.120657
0 0.651113 0.611104 0.178079 0.120657
2 0.883848 0 0.232305 0
0 0.381874 0.605314 0.265033 0.202044
1 0.883848 0 0.232305 0
2 0.683652 0.362273 0.261643 0.35404
4 0.683652 0.362273 0.261643 0.35404
