0 0.509162 0.607042 0.228558 0.109095
0 0.150079 0.379095 0.228007 0.105746
0 0.877363 0.448415 0.225258 0.101002
2 0.595636 0.28949 0.226175 0.10319
0 0.597375 0.290222 0.228375 0.104553
3 0.476768 0.423776 0.243879 0.111436
4 0.474043 0.424442 0.248843 0.110997
2 0.150363 0.379244 0.232793 0.106289
2 0.474607 0.422305 0.249209 0.112178
0 0.471907 0.422453 0.251412 0.114116
1 0.475032 0.423618 0.249867 0.114196
2 0.877822 0.448256 0.227723 0.102509
2 0.51056 0.607214 0.230483 0.109723
3 0.599484 0.290382 0.229073 0.103227
3 0.149827 0.379636 0.233922 0.106334
1 0.590597 0.287804 0.215259 0.0947066
4 0.147989 0.379929 0.23564 0.108276
1 0.148725 0.378811 0.214476 0.0930866
4 0.508553 0.608324 0.232318 0.110415
3 0.50855 0.6082 0.235262 0.110062
4 0.596971 0.289696 0.228339 0.104256
1 0.506065 0.607851 0.235657 0.112839
4 0.87739 0.449637 0.231398 0.103511
