0 0.290679 0.588777 0.145616 0.332532
0 0.525765 0.539288 0.140488 0.32953
0 0.370538 0.244747 0.13931 0.287719
2 0.290576 0.585172 0.142059 0.313324
2 0.370718 0.252777 0.142714 0.287744
1 0.286541 0.583405 0.13831 0.303493
2 0.521519 0.544042 0.147511 0.313024
3 0.286541 0.583405 0.13831 0.303493
0 0.527119 0.516117 0.121901 0.254742
1 0.37242 0.237291 0.135292 0.309219
0 0.36953 0.251165 0.115188 0.223935
4 0.372599 0.246979 0.142155 0.294525
0 0.364163 0.571601 0.213254 0.343504
0 0.918175 0.792196 0.146577 0.407824
4 0.290679 0.588777 0.145616 0.332532
0 0.218458 0.264557 0.428142 0.440334
3 0.370538 0.244747 0.13931 0.287719
1 0.525992 0.542399 0.133723 0.336213
4 0.525397 0.540982 0.137442 0.31371
0 0.26231 0.670773 0.195468 0.505526
