1 0.465571 0.492194 0.340306 0.271082
4 0.932605 0.94565 0.13479 0.1087
2 0.342479 0.641972 0.128734 0.0922029
3 0.342479 0.641972 0.128734 0.0922029
2 0.46338 0.491535 0.342749 0.267052
3 0.46338 0.491535 0.342749 0.267052
1 0.340794 0.644661 0.125079 0.0793793
3 0.931959 0.945174 0.136081 0.109652
2 0.330403 0.635348 0.0973786 0.076593
0 0.465688 0.492177 0.343956 0.26984
0 0.344093 0.641768 0.129515 0.0951917
4 0.341985 0.641026 0.128033 0.0935036
1 0.932605 0.94565 0.13479 0.1087
2 0.350478 0.649377 0.0997091 0.0760206
3 0.330403 0.635348 0.0973786 0.076593
4 0.46338 0.491535 0.342749 0.267052
4 0.330403 0.635348 0.0973786 0.076593
0 0.931959 0.945174 0.136081 0.109652
1 0.332687 0.637144 0.104408 0.0756879
0 0.330403 0.635348 0.0973786 0.076593
