4 0.790124 0.540741 0.373949 0.156591
2 0.512456 0.305642 0.36318 0.15204
0 0.258982 0.563647 0.313463 0.137929
2 0.260893 0.561938 0.307882 0.138051
0 0.515347 0.302023 0.342028 0.15019
4 0.512149 0.3055 0.363878 0.152805
2 0.516926 0.241705 0.394017 0.271809
4 0.259066 0.562958 0.31473 0.139418
3 0.512149 0.3055 0.363878 0.152805
1 0.793347 0.540929 0.381991 0.159809
3 0.257548 0.56278 0.313443 0.137443
1 0.509309 0.306615 0.355632 0.149584
1 0.257717 0.564185 0.309502 0.133791
4 0.798175 0.711665 0.388897 0.464917
2 0.433922 0.311332 0.213962 0.114517
0 0.791301 0.54099 0.375527 0.157902
0 0.260306 0.530953 0.318918 0.201276
3 0.790527 0.540983 0.381537 0.157483
