0 0.565488 0.751308 0.342726 0.161958
2 0.657894 0.239669 0.349442 0.156106
0 0.0761528 0.396601 0.151177 0.155253
0 0.491204 0.455855 0.38952 0.168526
2 0.0782225 0.396698 0.155015 0.147249
2 0.491505 0.453763 0.388106 0.165591
0 0.967567 0.484 0.0648654 0.122153
3 0.48955 0.452328 0.390056 0.166313
4 0.486117 0.449413 0.382359 0.16295
0 0.654152 0.239822 0.358957 0.15423
4 0.968738 0.484451 0.0625246 0.126429
2 0.970976 0.485204 0.0580483 0.114576
1 0.491204 0.455855 0.38952 0.168526
2 0.566167 0.752737 0.338904 0.161815
4 0.0761528 0.396601 0.151177 0.155253
2 0.665283 0.189129 0.389638 0.252923
1 0.970976 0.485204 0.0580483 0.114576
3 0.0781448 0.397081 0.153746 0.152891
3 0.967567 0.484 0.0648654 0.122153
0 0.0648785 0.399211 0.12728 0.127991
4 0.65528 0.240677 0.358358 0.15581
4 0.566167 0.752737 0.338904 0.161815
4 0.97613 0.481213 0.0477407 0.107616
3 0.658055 0.24098 0.353462 0.156007
0 0.513275 0.759873 0.241385 0.10708
1 0.654357 0.239845 0.356177 0.154914
1 0.0782587 0.397083 0.153161 0.155957
0 0.665283 0.189129 0.389638 0.252923
3 0.56471 0.75422 0.347265 0.160444
2 0.398848 0.45858 0.203278 0.117548
2 0.627432 0.242106 0.285393 0.118313
4 0.665283 0.189129 0.389638 0.252923
0 0.97613 0.481213 0.0477407 0.107616
0 0.567907 0.750445 0.304069 0.107832
