2 0.66636 0.400508 0.199871 0.152084
1 0.457979 0.723091 0.240359 0.192406
1 0.336031 0.519154 0.235101 0.176053
2 0.379797 0.321607 0.191507 0.13551
2 0.665519 0.56543 0.19574 0.146646
3 0.665451 0.566895 0.198182 0.142845
0 0.379657 0.321744 0.192705 0.135941
1 0.380288 0.321349 0.188408 0.137185
3 0.379603 0.322332 0.193011 0.138841
1 0.663305 0.401903 0.191638 0.133698
0 0.665451 0.566895 0.198182 0.142845
3 0.666075 0.400492 0.200951 0.150822
4 0.380288 0.321349 0.188408 0.137185
2 0.669895 0.564534 0.167106 0.11617
0 0.666075 0.400492 0.200951 0.150822
1 0.666058 0.565186 0.198323 0.147296
1 0.666683 0.565551 0.170355 0.120033
4 0.665885 0.565791 0.196182 0.143454
4 0.666783 0.400949 0.201468 0.150285
0 0.665745 0.564431 0.160706 0.117525
3 0.460043 0.720835 0.245724 0.192902
3 0.669895 0.564534 0.167106 0.11617
0 0.460754 0.721553 0.244806 0.19306
4 0.721078 0.252163 0.422766 0.4756
4 0.618722 0.243023 0.442945 0.486045
