2 0.26875 0.6229166666666667 0.15104166666666666 0.10416666666666667
2 0.4864583333333333 0.6666666666666666 0.103125 0.08020833333333334
2 0.60625 0.6260416666666667 0.11770833333333333 0.051041666666666666
2 0.6364583333333333 0.7322916666666667 0.11770833333333333 0.08125
2 0.49166666666666664 0.21458333333333332 0.13020833333333334 0.0625
0 0.4197916666666667 0.33958333333333335 0.11145833333333334 0.078125
0 0.5385416666666667 0.31979166666666664 0.09583333333333334 0.06979166666666667
0 0.6052083333333333 0.4114583333333333 0.08958333333333333 0.075
0 0.46770833333333334 0.43020833333333336 0.08541666666666667 0.08229166666666667
0 0.37395833333333334 0.8229166666666666 0.10416666666666667 0.06979166666666667
3 0.496875 0.765625 0.10729166666666666 0.06041666666666667