2 0.20729166666666668 0.134375 0.134375 0.25416666666666665
2 0.221875 0.7166666666666667 0.11458333333333333 0.22604166666666667
2 0.5135416666666667 0.31979166666666664 0.09895833333333333 0.15625
2 0.9208333333333333 0.6177083333333333 0.11875 0.26458333333333334
0 0.052083333333333336 0.22604166666666667 0.07916666666666666 0.18645833333333334
0 0.35520833333333335 0.45 0.09895833333333333 0.18125
0 0.640625 0.11145833333333334 0.11979166666666667 0.178125
0 0.75625 0.6479166666666667 0.11145833333333334 0.18333333333333332
3 0.640625 0.484375 0.11145833333333334 0.20416666666666666
4 0.909375 0.3885416666666667 0.13125 0.24375
0 0.04479166666666667 0.5697916666666667 0.08020833333333334 0.2947916666666667
3 0.48541666666666666 0.7729166666666667 0.12604166666666666 0.23125