4 0.253125 0.5041666666666667 0.08958333333333333 0.065625
4 0.31666666666666665 0.4354166666666667 0.06145833333333333 0.06770833333333333
4 0.4625 0.47291666666666665 0.08125 0.059375
4 0.41354166666666664 0.3958333333333333 0.08229166666666667 0.06770833333333333
4 0.45625 0.34791666666666665 0.06354166666666666 0.05
2 0.6333333333333333 0.46875 0.08645833333333333 0.07395833333333333
2 0.434375 0.5583333333333333 0.09895833333333333 0.065625
2 0.6010416666666667 0.5510416666666667 0.08958333333333333 0.06041666666666667
2 0.50625 0.69375 0.109375 0.07395833333333333
2 0.7302083333333333 0.6020833333333333 0.08125 0.075
0 0.5322916666666667 0.6020833333333333 0.06458333333333334 0.0625
1 0.640625 0.6291666666666667 0.04791666666666667 0.06145833333333333
2 0.5333333333333333 0.3416666666666667 0.09375 0.07604166666666666
0 0.5604166666666667 0.2864583333333333 0.08333333333333333 0.03333333333333333
2 0.665625 0.38333333333333336 0.11145833333333334 0.07395833333333333