3 0.6395833333333333 0.4979166666666667 0.09583333333333334 0.06666666666666667
3 0.75 0.7708333333333334 0.12604166666666666 0.0875
0 0.4895833333333333 0.26666666666666666 0.121875 0.07395833333333333
0 0.24375 0.21145833333333333 0.13541666666666666 0.07291666666666667
0 0.49166666666666664 0.4395833333333333 0.10416666666666667 0.08125
0 0.26145833333333335 0.5270833333333333 0.11354166666666667 0.08541666666666667
0 0.47708333333333336 0.584375 0.08958333333333333 0.08958333333333333
0 0.5833333333333334 0.6510416666666666 0.096875 0.06666666666666667
0 0.4479166666666667 0.8270833333333333 0.12916666666666668 0.084375
0 0.34791666666666665 0.621875 0.1125 0.07395833333333333
2 0.1875 0.37395833333333334 0.134375 0.10625
2 0.35208333333333336 0.39791666666666664 0.10416666666666667 0.109375
2 0.6489583333333333 0.31979166666666664 0.12395833333333334 0.08958333333333333
2 0.6510416666666666 0.215625 0.13125 0.084375
2 0.7197916666666667 0.5989583333333334 0.14791666666666667 0.08645833333333333
2 0.4510416666666667 0.7114583333333333 0.15104166666666666 0.08541666666666667