2 0.42291666666666666 0.6083333333333333 0.10416666666666667 0.08229166666666667
3 0.41354166666666664 0.6958333333333333 0.1125 0.090625
2 0.671875 0.503125 0.09791666666666667 0.08125
2 0.5239583333333333 0.4197916666666667 0.10520833333333333 0.08229166666666667
2 0.5364583333333334 0.34479166666666666 0.10208333333333333 0.07708333333333334
3 0.5458333333333333 0.6208333333333333 0.09791666666666667 0.07604166666666666
2 0.6364583333333333 0.428125 0.090625 0.065625
3 0.5458333333333333 0.6979166666666666 0.078125 0.06458333333333334
2 0.653125 0.8125 0.10729166666666666 0.09583333333333334
0 0.5572916666666666 0.2520833333333333 0.08020833333333334 0.059375
0 0.3958333333333333 0.26666666666666666 0.08958333333333333 0.06458333333333334
2 0.3229166666666667 0.31354166666666666 0.10520833333333333 0.075
0 0.23333333333333334 0.26979166666666665 0.09791666666666667 0.06875
2 0.23229166666666667 0.34791666666666665 0.11770833333333333 0.078125
0 0.2947916666666667 0.41458333333333336 0.09895833333333333 0.06979166666666667
0 0.44375 0.3729166666666667 0.08854166666666667 0.065625
0 0.190625 0.4739583333333333 0.10833333333333334 0.075
2 0.18645833333333334 0.5583333333333333 0.12708333333333333 0.08958333333333333
2 0.29791666666666666 0.5229166666666667 0.11145833333333334 0.08125
0 0.16979166666666667 0.6447916666666667 0.11770833333333333 0.08333333333333333
0 0.4083333333333333 0.521875 0.09479166666666666 0.06979166666666667
0 0.49270833333333336 0.5552083333333333 0.08958333333333333 0.06979166666666667
0 0.6822916666666666 0.37395833333333334 0.08541666666666667 0.06770833333333333
0 0.58125 0.48333333333333334 0.084375 0.06666666666666667
0 0.58125 0.5510416666666667 0.08541666666666667 0.06770833333333333
0 0.6572916666666667 0.5947916666666667 0.09270833333333334 0.078125